MARKER	0.043750	1.000000	1.000000	0.000000	1.000000	-0.068828	1.293551	-0.315858	0.000000	0.593881	-0.253258	-1.166595	0.000000	-1.191782	-0.200907	-0.563089	0.000000	-0.111457	0.429784	-0.307817	1.000000
MARKER	0.043750	1.000000	1.000000	0.000000	1.000000	-1.108540	0.161697	-0.723029	0.000000	0.150686	1.323201	0.064890	0.000000	0.725403	-0.027763	-1.118390	0.000000	-0.344989	0.181443	-0.306019	1.000000
MARKER	0.043750	1.000000	1.000000	0.000000	1.000000	-0.919947	-0.955102	0.138759	0.000000	-0.786948	0.631336	-0.871726	0.000000	0.558738	-0.683353	-0.999309	0.000000	-0.108917	-0.473431	0.199670	1.000000
MARKER	0.043750	1.000000	1.000000	0.000000	1.000000	-0.161432	-1.312202	-0.172755	0.000000	0.873754	-0.236381	0.979007	0.000000	-0.994119	0.005323	0.888526	0.000000	-0.195777	-0.247291	0.063397	1.000000
MARKER	0.043750	1.000000	1.000000	0.000000	1.000000	-0.860790	0.073102	-1.015615	0.000000	1.001207	-0.181487	-0.861641	0.000000	-0.185482	-1.318900	0.062274	0.000000	-0.266986	-0.294592	-0.078425	1.000000
MARKER	0.043750	1.000000	1.000000	0.000000	1.000000	-0.063015	0.766931	-1.088864	0.000000	-1.326717	0.059409	0.118624	0.000000	0.116748	1.089067	0.760317	0.000000	0.266395	0.117743	-0.401156	1.000000
MARKER	0.043750	1.000000	1.000000	0.000000	1.000000	-1.109374	0.173209	-0.719073	0.000000	0.183356	1.320199	0.035128	0.000000	0.716553	-0.069658	-1.122264	0.000000	-0.282066	0.316596	-0.340305	1.000000
MARKER	0.043750	1.000000	1.000000	0.000000	1.000000	1.220143	-0.433402	0.318106	0.000000	-0.421340	-0.280879	1.233433	0.000000	-0.333918	-1.229247	-0.393992	0.000000	0.151265	0.342709	0.113845	1.000000
MARKER	0.043750	1.000000	1.000000	0.000000	1.000000	-0.381546	-0.202838	1.261371	0.000000	-0.333254	1.286648	0.106098	0.000000	-1.233346	-0.284907	-0.418884	0.000000	0.264791	0.151269	0.381266	1.000000
MARKER	0.043750	1.000000	1.000000	0.000000	1.000000	-0.597470	-0.797554	0.885841	0.000000	-0.348786	-0.830547	-0.983015	0.000000	1.139805	-0.672218	0.163539	0.000000	0.067844	-0.281621	0.300941	1.000000
MARKER	0.043750	1.000000	1.000000	0.000000	1.000000	-0.259664	1.296534	-0.171322	0.000000	-1.209012	-0.304577	-0.472547	0.000000	-0.498641	0.063320	1.234960	0.000000	-0.393833	0.442716	-0.019483	1.000000
MARKER	0.043750	1.000000	1.000000	0.000000	1.000000	-1.070841	0.779584	0.152726	0.000000	0.758495	1.079561	-0.192381	0.000000	-0.236141	-0.067626	-1.310512	0.000000	-0.329708	0.159570	0.293272	1.000000
MARKER	0.043750	1.000000	1.000000	0.000000	1.000000	-0.741712	0.071006	-1.105712	0.000000	0.278231	1.299893	-0.103162	0.000000	1.072487	-0.288119	-0.737927	0.000000	-0.324497	0.260905	-0.005780	1.000000
MARKER	0.043750	1.000000	1.000000	0.000000	1.000000	-0.876200	-0.915003	0.415717	0.000000	-0.948489	0.935215	0.059317	0.000000	-0.332295	-0.256748	-1.265480	0.000000	-0.345707	-0.442767	-0.044685	1.000000
MARKER	0.043750	1.000000	1.000000	0.000000	1.000000	1.120385	-0.579252	0.432415	0.000000	0.604297	1.188245	0.026013	0.000000	-0.396662	0.174122	1.260999	0.000000	0.125606	-0.211791	-0.243293	1.000000
MARKER	0.043750	1.000000	1.000000	0.000000	1.000000	-0.882420	-0.879569	0.474838	0.000000	-0.614491	0.976929	0.667673	0.000000	-0.788361	0.223038	-1.051912	0.000000	-0.074703	-0.461380	-0.082652	1.000000
MARKER	0.043750	1.000000	1.000000	0.000000	1.000000	-0.973292	0.082256	0.907587	0.000000	0.908943	0.183214	0.958141	0.000000	-0.065603	1.318122	-0.189815	0.000000	-0.116538	0.185523	-0.291602	1.000000
MARKER	0.043750	1.000000	1.000000	0.000000	1.000000	1.228320	-0.199343	0.478821	0.000000	0.035899	1.260645	0.432740	0.000000	-0.517415	-0.385766	1.166724	0.000000	0.275291	-0.090459	0.109958	1.000000
MARKER	0.043750	1.000000	1.000000	0.000000	1.000000	1.093001	-0.752760	0.128375	0.000000	-0.749230	-1.013809	0.434309	0.000000	-0.147587	-0.428162	-1.254063	0.000000	0.412612	0.328181	-0.165360	1.000000
MARKER	0.043750	1.000000	1.000000	0.000000	1.000000	-0.166553	1.307510	-0.201138	0.000000	-0.251474	-0.230322	-1.288988	0.000000	-1.298768	-0.123078	0.275374	0.000000	-0.136903	0.410308	-0.376589	1.000000
MARKER	0.043750	1.000000	1.000000	0.000000	1.000000	0.674776	0.001273	1.149980	0.000000	0.169714	1.318622	-0.101044	0.000000	-1.137388	0.197512	0.667169	0.000000	0.334574	-0.329881	0.348191	1.000000
MARKER	0.043750	1.000000	1.000000	0.000000	1.000000	-0.907736	-0.934026	0.285285	0.000000	-0.036149	-0.357085	-1.284119	0.000000	0.975954	-0.881965	0.217781	0.000000	-0.392463	-0.335120	0.257498	1.000000
MARKER	0.043750	1.000000	1.000000	0.000000	1.000000	-1.078967	0.244565	-0.744175	0.000000	-0.238374	1.104098	0.708465	0.000000	0.746181	0.706351	-0.849741	0.000000	-0.372380	0.082922	-0.051912	1.000000
MARKER	0.043750	1.000000	1.000000	0.000000	1.000000	0.043434	1.150916	0.671776	0.000000	0.336268	-0.659848	1.108739	0.000000	1.289502	0.133305	-0.311757	0.000000	0.229968	0.148609	0.093324	1.000000
MARKER	0.043750	1.000000	1.000000	0.000000	1.000000	-0.989791	0.245597	-0.858937	0.000000	0.741638	0.940604	-0.585674	0.000000	0.498060	-0.912537	-0.834860	0.000000	-0.211712	-0.072722	-0.184679	1.000000
MARKER	0.043750	1.000000	1.000000	0.000000	1.000000	-0.223182	1.120111	0.687982	0.000000	-1.289299	-0.322571	0.106931	0.000000	0.256273	-0.647362	1.137112	0.000000	0.254615	0.170988	-0.289430	1.000000
MARKER	0.043750	1.000000	1.000000	0.000000	1.000000	0.284063	0.879507	-0.961017	0.000000	-1.085740	0.703384	0.322795	0.000000	0.719899	0.713790	0.866041	0.000000	-0.280953	0.215621	-0.471466	1.000000
MARKER	0.043750	1.000000	1.000000	0.000000	1.000000	-0.584001	-0.707443	0.967597	0.000000	-1.185104	0.502051	-0.348213	0.000000	-0.179582	-1.012545	-0.848694	0.000000	-0.410917	0.056739	0.412899	1.000000
MARKER	0.043750	1.000000	1.000000	0.000000	1.000000	0.086948	-1.321688	-0.152839	0.000000	0.417429	-0.118333	1.260765	0.000000	-1.263317	-0.130065	0.406066	0.000000	0.162611	-0.256199	-0.429566	1.000000
MARKER	0.043750	1.000000	1.000000	0.000000	1.000000	-1.180026	0.166112	0.598099	0.000000	0.577239	0.766106	0.926096	0.000000	-0.228279	1.078548	-0.749934	0.000000	0.080585	-0.032935	0.289440	1.000000
MARKER	0.043750	1.000000	1.000000	0.000000	1.000000	-0.386252	1.249158	-0.261138	0.000000	-0.408979	-0.379611	-1.210954	0.000000	-1.208852	-0.270700	0.493128	0.000000	0.377992	0.359989	-0.284213	1.000000
MARKER	0.043750	1.000000	1.000000	0.000000	1.000000	-0.002734	-1.333238	0.015698	0.000000	-0.910241	0.013337	0.974198	0.000000	-0.974285	-0.008719	-0.910203	0.000000	0.420144	-0.039156	0.302592	1.000000
MARKER	0.043750	1.000000	1.000000	0.000000	1.000000	-1.117839	0.002763	-0.726779	0.000000	-0.616272	0.703173	0.950544	0.000000	0.385258	1.132836	-0.588248	0.000000	-0.223009	-0.318437	-0.403903	1.000000
MARKER	0.043750	1.000000	1.000000	0.000000	1.000000	0.871741	-0.668281	-0.755808	0.000000	-0.429066	-1.149614	0.521601	0.000000	-0.913098	-0.097807	-0.966677	0.000000	0.410738	-0.167705	0.050210	1.000000
MARKER	0.043750	1.000000	1.000000	0.000000	1.000000	1.125515	-0.712625	0.056200	0.000000	-0.714200	-1.116603	0.144547	0.000000	-0.030191	-0.152121	-1.324283	0.000000	0.219868	0.092655	-0.171065	1.000000
MARKER	0.043750	1.000000	1.000000	0.000000	1.000000	-1.202146	-0.349997	0.458394	0.000000	-0.082433	-0.944592	-0.937405	0.000000	0.570813	-0.873513	0.830015	0.000000	-0.434493	-0.223123	-0.238257	1.000000
MARKER	0.043750	1.000000	1.000000	0.000000	1.000000	-0.349877	-0.178334	1.274190	0.000000	0.142814	1.306920	0.222130	0.000000	-1.278659	0.194768	-0.323844	0.000000	0.344471	0.017547	0.455406	1.000000
MARKER	0.043750	1.000000	1.000000	0.000000	1.000000	1.131327	-0.275811	0.649466	0.000000	0.547316	1.117584	-0.478780	0.000000	-0.445335	0.672840	1.061481	0.000000	0.379150	-0.426983	0.017004	1.000000
MARKER	0.043750	1.000000	1.000000	0.000000	1.000000	-0.185507	1.117351	0.703485	0.000000	-1.310054	-0.244368	0.042675	0.000000	0.164694	-0.685265	1.131842	0.000000	0.126759	0.279908	-0.330182	1.000000
MARKER	0.043750	1.000000	1.000000	0.000000	1.000000	-0.072778	0.868344	-1.009187	0.000000	-1.146253	-0.554958	-0.394845	0.000000	-0.677189	0.846036	0.776798	0.000000	0.385380	-0.367764	-0.480697	1.000000
MARKER	0.043750	1.000000	1.000000	0.000000	1.000000	-0.324343	-0.964104	0.862023	0.000000	1.120686	0.234040	0.683422	0.000000	-0.645478	0.890790	0.753411	0.000000	-0.143907	0.048939	-0.156267	1.000000
MARKER	0.043750	1.000000	1.000000	0.000000	1.000000	-0.337783	-0.428491	1.216584	0.000000	-0.427358	1.223754	0.312361	0.000000	-1.216982	-0.310805	-0.447361	0.000000	0.128614	0.446685	0.276876	1.000000
MARKER	0.043750	1.000000	1.000000	0.000000	1.000000	-0.297334	1.241983	-0.383207	0.000000	-0.357477	-0.456088	-1.200822	0.000000	-1.249632	-0.165043	0.434693	0.000000	0.205052	0.473519	-0.026491	1.000000
MARKER	0.043750	1.000000	1.000000	0.000000	1.000000	1.089725	-0.445511	0.625937	0.000000	0.583066	-0.227828	-1.177245	0.000000	0.500311	1.235877	0.008619	0.000000	0.278709	-0.304369	-0.169523	1.000000
MARKER	0.043750	1.000000	1.000000	0.000000	1.000000	0.051838	1.114453	0.730127	0.000000	0.406214	-0.709110	1.053533	0.000000	1.268890	0.181481	-0.367099	0.000000	0.112792	0.195775	0.006147	1.000000
MARKER	0.043750	1.000000	1.000000	0.000000	1.000000	0.046065	0.849756	-1.026435	0.000000	-1.331684	0.066107	-0.005036	0.000000	0.047681	1.025340	0.850989	0.000000	0.011773	0.175046	-0.451381	1.000000
MARKER	0.043750	1.000000	1.000000	0.000000	1.000000	1.089073	-0.680353	0.358912	0.000000	0.608885	0.382303	-1.122890	0.000000	0.470062	1.081084	0.622959	0.000000	0.314193	-0.302150	-0.306174	1.000000
MARKER	0.043750	1.000000	1.000000	0.000000	1.000000	1.044892	-0.440976	0.701083	0.000000	0.828196	0.544980	-0.891552	0.000000	0.008308	1.134158	0.700995	0.000000	0.470400	-0.226622	-0.305845	1.000000
MARKER	0.043750	1.000000	1.000000	0.000000	1.000000	0.456660	-1.150547	-0.495461	0.000000	0.875819	-0.083808	1.001846	0.000000	-0.895646	-0.668578	0.727049	0.000000	-0.214526	-0.158622	0.024021	1.000000
MARKER	0.043750	1.000000	1.000000	0.000000	1.000000	-1.118006	0.175472	-0.705018	0.000000	0.184438	1.320023	0.036063	0.000000	0.702726	-0.067285	-1.131117	0.000000	-0.224227	0.252844	-0.349055	1.000000
MARKER	0.043750	1.000000	1.000000	0.000000	1.000000	1.213117	-0.172680	0.525649	0.000000	-0.010485	1.259330	0.437899	0.000000	-0.553186	-0.402550	1.144428	0.000000	0.297136	-0.148881	-0.003242	1.000000
MARKER	0.043750	1.000000	1.000000	0.000000	1.000000	1.135762	-0.686946	0.126206	0.000000	-0.689373	-1.063859	0.413214	0.000000	-0.112193	-0.417237	-1.261390	0.000000	0.217065	0.154926	-0.166205	1.000000
MARKER	0.043750	1.000000	1.000000	0.000000	1.000000	-0.192912	1.317225	-0.074039	0.000000	-1.139461	-0.204067	-0.661637	0.000000	-0.664975	-0.032454	1.155220	0.000000	-0.464972	0.365135	-0.282171	1.000000
MARKER	0.043750	1.000000	1.000000	0.000000	1.000000	0.734891	-0.000352	1.112525	0.000000	0.112433	1.326530	-0.073850	0.000000	-1.106829	0.134518	0.731171	0.000000	0.115802	-0.330185	0.288173	1.000000
MARKER	0.043750	1.000000	1.000000	0.000000	1.000000	-1.107484	0.099054	-0.735830	0.000000	-0.220719	1.217751	0.496129	0.000000	0.708901	0.533900	-0.995082	0.000000	0.080491	-0.404953	-0.461152	1.000000
MARKER	0.043750	1.000000	1.000000	0.000000	1.000000	-0.246153	-0.589055	1.170556	0.000000	-1.303482	-0.012286	-0.280288	0.000000	0.134615	-1.196094	-0.573598	0.000000	-0.270845	0.277677	0.346904	1.000000
MARKER	0.043750	1.000000	1.000000	0.000000	1.000000	-0.306493	1.257609	-0.319779	0.000000	-0.352036	-0.396840	-1.223261	0.000000	-1.248964	-0.196760	0.423264	0.000000	0.228912	0.432814	-0.155439	1.000000
MARKER	0.043750	1.000000	1.000000	0.000000	1.000000	-0.655140	-0.625111	0.978676	0.000000	-1.147022	0.523866	-0.433223	0.000000	-0.181412	-1.054788	-0.795166	0.000000	-0.251150	-0.146553	0.389984	1.000000
MARKER	0.043750	1.000000	1.000000	0.000000	1.000000	-1.304869	-0.124986	0.243869	0.000000	-0.262875	0.235786	-1.285721	0.000000	0.077397	-1.306354	-0.255394	0.000000	-0.288203	-0.243903	0.077494	1.000000
MARKER	0.043750	1.000000	1.000000	0.000000	1.000000	-0.935983	-0.879871	0.357128	0.000000	-0.756239	0.993951	0.466841	0.000000	-0.574296	0.125161	-1.196786	0.000000	-0.087361	-0.470970	0.234567	1.000000
MARKER	0.043750	1.000000	1.000000	0.000000	1.000000	1.224667	-0.333356	0.408464	0.000000	0.527166	0.758472	-0.961558	0.000000	0.008049	1.044688	0.828457	0.000000	0.259556	-0.412975	0.286517	1.000000
MARKER	0.043750	1.000000	1.000000	0.000000	1.000000	-1.095752	0.277214	-0.707289	0.000000	0.243574	1.304054	0.133757	0.000000	0.719567	-0.019285	-1.122332	0.000000	-0.244092	0.033680	-0.295282	1.000000
MARKER	0.043750	1.000000	1.000000	0.000000	1.000000	-0.435647	-0.468986	1.169633	0.000000	-1.247005	0.338753	-0.328636	0.000000	-0.181568	-1.201281	-0.549304	0.000000	0.056227	0.179604	0.444548	1.000000
MARKER	0.043750	1.000000	1.000000	0.000000	1.000000	0.352140	1.010994	-0.794774	0.000000	-0.636467	0.853045	0.803119	0.000000	1.117446	0.167277	0.707892	0.000000	-0.253313	-0.284605	-0.450070	1.000000
MARKER	0.043750	1.000000	1.000000	0.000000	1.000000	-0.034024	-1.330952	0.072023	0.000000	0.648917	0.046392	1.163844	0.000000	-1.164271	0.064751	0.646574	0.000000	-0.135551	-0.017948	-0.269643	1.000000
MARKER	0.043750	1.000000	1.000000	0.000000	1.000000	-0.447336	1.254351	-0.065356	0.000000	-1.201153	-0.447491	-0.367099	0.000000	-0.367288	-0.064286	1.280135	0.000000	0.305693	0.378044	-0.344243	1.000000
MARKER	0.043750	1.000000	1.000000	0.000000	1.000000	-1.088355	0.723535	0.264120	0.000000	0.618141	1.093260	-0.447729	0.000000	-0.459524	-0.243019	-1.227826	0.000000	-0.357863	0.394161	-0.043012	1.000000
MARKER	0.043750	1.000000	1.000000	0.000000	1.000000	-0.954794	0.169446	-0.915115	0.000000	0.796721	0.826441	-0.678239	0.000000	0.481022	-1.032502	-0.693061	0.000000	-0.293785	0.027949	-0.094751	1.000000
MARKER	0.043750	1.000000	1.000000	0.000000	1.000000	1.300328	0.009148	0.294689	0.000000	-0.165282	1.126200	0.694358	0.000000	-0.244145	-0.713700	1.099456	0.000000	-0.086893	-0.050083	0.098315	1.000000
MARKER	0.043750	1.000000	1.000000	0.000000	1.000000	-0.156594	0.653378	-1.151674	0.000000	-1.139740	-0.656808	-0.217655	0.000000	-0.673980	0.958894	0.635650	0.000000	0.380904	0.077244	-0.444290	1.000000
MARKER	0.043750	1.000000	1.000000	0.000000	1.000000	1.207436	-0.372910	0.425223	0.000000	0.164034	1.190264	0.578051	0.000000	-0.541267	-0.471156	1.123753	0.000000	0.277408	0.183527	0.180270	1.000000
MARKER	0.043750	1.000000	1.000000	0.000000	1.000000	-0.414878	1.250083	0.207236	0.000000	-1.086279	-0.463146	0.619089	0.000000	0.652420	0.023798	1.162566	0.000000	-0.153026	0.466358	-0.227001	1.000000
MARKER	0.043750	1.000000	1.000000	0.000000	1.000000	1.249288	-0.155727	0.439096	0.000000	-0.157949	1.040651	0.818459	0.000000	-0.438301	-0.818884	0.956607	0.000000	0.463037	0.213725	-0.116434	1.000000
MARKER	0.043750	1.000000	1.000000	0.000000	1.000000	-0.855099	-0.019460	-1.022841	0.000000	0.997718	-0.310549	-0.828188	0.000000	-0.226144	-1.296518	0.213725	0.000000	-0.269019	-0.154519	-0.035541	1.000000
MARKER	0.043750	1.000000	1.000000	0.000000	1.000000	-0.981742	0.203833	-0.878870	0.000000	0.199324	1.315766	0.082506	0.000000	0.879904	-0.070635	-0.999278	0.000000	-0.316308	0.147634	0.122431	1.000000
MARKER	0.043750	1.000000	1.000000	0.000000	1.000000	-1.297415	-0.307391	0.001772	0.000000	-0.281633	1.191742	0.527458	0.000000	-0.123186	0.512874	-1.224566	0.000000	-0.006381	-0.375351	-0.379252	1.000000
MARKER	0.043750	1.000000	1.000000	0.000000	1.000000	-0.448719	-0.839686	0.933465	0.000000	-0.344469	-0.870918	-0.949010	0.000000	1.207381	-0.560542	0.076164	0.000000	-0.374766	-0.224554	0.380037	1.000000
MARKER	0.043750	1.000000	1.000000	0.000000	1.000000	1.172356	-0.540817	0.332979	0.000000	-0.611553	-0.772679	0.898192	0.000000	-0.171354	-0.942476	-0.927445	0.000000	0.293601	0.171951	-0.257372	1.000000
MARKER	0.043750	1.000000	1.000000	0.000000	1.000000	-1.095326	0.746537	0.143952	0.000000	0.726349	1.102087	-0.188676	0.000000	-0.224626	-0.076577	-1.312043	0.000000	-0.117901	0.089719	0.253369	1.000000
MARKER	0.043750	1.000000	1.000000	0.000000	1.000000	-0.723668	0.035270	-1.119303	0.000000	0.306051	1.288167	-0.157281	0.000000	1.077226	-0.342287	-0.707250	0.000000	-0.341616	0.318618	0.013415	1.000000
MARKER	0.043750	1.000000	1.000000	0.000000	1.000000	-0.003945	0.779809	-1.081509	0.000000	-1.176664	-0.510682	-0.363928	0.000000	-0.627076	0.953352	0.689691	0.000000	0.142066	0.164586	-0.361151	1.000000
MARKER	0.043750	1.000000	1.000000	0.000000	1.000000	1.198173	-0.413296	0.413940	0.000000	0.192960	1.169993	0.609640	0.000000	-0.552202	-0.487935	1.111202	0.000000	0.359906	0.216097	0.239470	1.000000
MARKER	0.043750	1.000000	1.000000	0.000000	1.000000	1.133460	-0.499873	0.493127	0.000000	-0.176710	0.703178	1.118969	0.000000	-0.679574	-1.016585	0.531519	0.000000	0.415085	0.265459	0.211140	1.000000
MARKER	0.043750	1.000000	1.000000	0.000000	1.000000	-0.338856	-0.061276	1.288099	0.000000	-0.229489	1.313434	0.002110	0.000000	-1.268972	-0.221167	-0.344345	0.000000	0.210596	-0.145278	0.361859	1.000000
MARKER	0.043750	1.000000	1.000000	0.000000	1.000000	-1.214913	-0.450193	0.314786	0.000000	-0.372222	0.112740	-1.275350	0.000000	0.403999	-1.249957	-0.228406	0.000000	-0.442161	0.400850	0.061875	1.000000
MARKER	0.043750	1.000000	1.000000	0.000000	1.000000	-0.984519	-0.850972	0.290425	0.000000	-0.521291	0.891080	0.843807	0.000000	-0.732636	0.509511	-0.990667	0.000000	0.173857	-0.401538	0.452013	1.000000
MARKER	0.043750	1.000000	1.000000	0.000000	1.000000	-0.715364	-0.621334	0.938071	0.000000	-0.992066	0.872774	-0.178456	0.000000	-0.530882	-0.793717	-0.930567	0.000000	0.026664	-0.299778	0.410371	1.000000
MARKER	0.043750	1.000000	1.000000	0.000000	1.000000	-0.901554	-0.935004	0.301239	0.000000	-0.892427	0.950464	0.279231	0.000000	-0.410549	-0.012819	-1.268488	0.000000	-0.432807	-0.428720	0.334132	1.000000
MARKER	0.043750	1.000000	1.000000	0.000000	1.000000	-0.842713	-0.929215	0.451855	0.000000	-0.731165	0.948282	0.586462	0.000000	-0.730076	0.122879	-1.108904	0.000000	-0.196513	-0.362941	-0.135791	1.000000
MARKER	0.043750	1.000000	1.000000	0.000000	1.000000	0.088894	0.831801	-1.038259	0.000000	-1.325585	0.143527	0.001492	0.000000	0.112694	1.032126	0.836537	0.000000	-0.079382	0.218111	-0.463417	1.000000
MARKER	0.043750	1.000000	1.000000	0.000000	1.000000	1.293093	-0.203398	0.253609	0.000000	-0.060685	0.870836	1.007840	0.000000	-0.319383	-0.988965	0.835296	0.000000	0.003188	0.249540	0.247858	1.000000
MARKER	0.043750	1.000000	1.000000	0.000000	1.000000	0.367713	0.944709	-0.866078	0.000000	-0.912367	0.825739	0.513341	0.000000	0.900084	0.451064	0.874167	0.000000	-0.409217	-0.158945	-0.374201	1.000000
MARKER	0.043750	1.000000	1.000000	0.000000	1.000000	-0.159867	-1.322349	0.060116	0.000000	-0.050149	0.066560	1.330726	0.000000	-1.322764	0.157294	-0.057716	0.000000	-0.061688	-0.045845	-0.196223	1.000000
MARKER	0.043750	1.000000	1.000000	0.000000	1.000000	0.247500	0.765273	-1.063428	0.000000	-1.193843	-0.314066	-0.503864	0.000000	-0.539685	1.045704	0.626914	0.000000	-0.323039	0.137837	-0.428593	1.000000
MARKER	0.043750	1.000000	1.000000	0.000000	1.000000	-0.156055	1.096381	0.742545	0.000000	-1.313717	-0.221948	0.051616	0.000000	0.166048	-0.725580	1.106228	0.000000	0.062519	0.323473	-0.407302	1.000000
MARKER	0.043750	1.000000	1.000000	0.000000	1.000000	-0.411146	1.240904	-0.262476	0.000000	-0.456150	-0.402123	-1.186593	0.000000	-1.183496	-0.276101	0.548527	0.000000	0.423290	0.362729	-0.229844	1.000000
MARKER	0.043750	1.000000	1.000000	0.000000	1.000000	0.260045	-0.063048	1.306208	0.000000	-0.944356	-0.930318	0.143102	0.000000	0.904625	-0.953054	-0.226098	0.000000	0.023952	-0.093368	-0.005923	1.000000
MARKER	0.043750	1.000000	1.000000	0.000000	1.000000	1.091408	-0.264811	0.718667	0.000000	0.290090	1.300816	0.038773	0.000000	-0.708841	0.124621	1.122405	0.000000	0.462643	-0.254558	0.087780	1.000000
MARKER	0.043750	1.000000	1.000000	0.000000	1.000000	1.296884	-0.155923	0.267503	0.000000	-0.108520	0.849969	1.021545	0.000000	-0.289989	-1.015391	0.814043	0.000000	-0.033024	0.160702	0.222833	1.000000
MARKER	0.043750	1.000000	1.000000	0.000000	1.000000	-0.537540	-0.613890	1.054499	0.000000	-1.137172	-0.165688	-0.676140	0.000000	0.442345	-1.171949	-0.456776	0.000000	-0.387412	-0.425258	0.055817	1.000000
MARKER	0.043750	1.000000	1.000000	0.000000	1.000000	-0.537304	-0.380006	1.159602	0.000000	-0.686049	1.141903	0.056324	0.000000	-1.009167	-0.573961	-0.655689	0.000000	0.423071	0.416714	0.323154	1.000000
MARKER	0.043750	1.000000	1.000000	0.000000	1.000000	1.245328	-0.332060	0.341574	0.000000	0.295294	1.288283	0.175801	0.000000	-0.373815	-0.088549	1.276792	0.000000	0.209213	0.129350	0.287179	1.000000
MARKER	0.043750	1.000000	1.000000	0.000000	1.000000	0.251484	1.129155	0.662979	0.000000	0.216347	-0.701649	1.112951	0.000000	1.291405	-0.102342	-0.315557	0.000000	-0.320580	0.402451	0.162054	1.000000
MARKER	0.043750	1.000000	1.000000	0.000000	1.000000	1.286703	-0.085511	0.338910	0.000000	-0.007334	1.285927	0.352300	0.000000	-0.349454	-0.341843	1.240485	0.000000	0.117347	-0.246329	0.240346	1.000000
MARKER	0.043750	1.000000	1.000000	0.000000	1.000000	1.178653	-0.321057	0.534300	0.000000	0.106903	1.230054	0.503307	0.000000	-0.614106	-0.402079	1.113096	0.000000	0.410692	0.136511	-0.000755	1.000000
MARKER	0.043750	1.000000	1.000000	0.000000	1.000000	0.668386	-0.036564	1.153126	0.000000	0.215982	1.313068	-0.083555	0.000000	-1.133309	0.228676	0.664151	0.000000	0.319302	-0.261715	0.298841	1.000000
MARKER	0.043750	1.000000	1.000000	0.000000	1.000000	1.279249	-0.126664	0.353915	0.000000	0.024087	1.280398	0.371184	0.000000	-0.375126	-0.349734	1.230749	0.000000	0.228750	-0.165343	0.241386	1.000000
MARKER	0.043750	1.000000	1.000000	0.000000	1.000000	-0.370375	1.251099	-0.274501	0.000000	-0.348037	-0.373297	-1.231786	0.000000	-1.232668	-0.270514	0.430266	0.000000	0.361028	0.454943	-0.322720	1.000000
MARKER	0.043750	1.000000	1.000000	0.000000	1.000000	-0.219073	1.307008	-0.146684	0.000000	-0.345817	-0.200715	-1.271968	0.000000	-1.268935	-0.170946	0.371967	0.000000	-0.074348	0.388935	-0.444409	1.000000
MARKER	0.043750	1.000000	1.000000	0.000000	1.000000	0.038683	1.083383	0.776249	0.000000	0.282155	-0.765630	1.054503	0.000000	1.302563	0.133674	-0.251474	0.000000	0.101921	0.097069	-0.194002	1.000000
MARKER	0.043750	1.000000	1.000000	0.000000	1.000000	-0.391269	1.264021	-0.164125	0.000000	-0.835576	-0.384007	-0.965468	0.000000	-0.962548	-0.180464	0.904827	0.000000	0.232997	0.437731	-0.348580	1.000000
MARKER	0.043750	1.000000	1.000000	0.000000	1.000000	0.010107	0.930246	-0.955153	0.000000	-1.328207	-0.076340	-0.088404	0.000000	-0.116365	0.952151	0.926091	0.000000	0.263969	-0.351223	-0.460810	1.000000
MARKER	0.043750	1.000000	1.000000	0.000000	1.000000	-0.857687	-0.868460	0.536590	0.000000	-1.000669	0.853907	-0.217443	0.000000	-0.202018	-0.542586	-1.201069	0.000000	-0.260934	-0.470786	-0.437489	1.000000
MARKER	0.043750	1.000000	1.000000	0.000000	1.000000	-1.292788	-0.324131	0.037641	0.000000	-0.238945	1.045087	0.792765	0.000000	-0.222223	0.761912	-1.071394	0.000000	-0.098908	-0.387350	-0.386619	1.000000
MARKER	0.043750	1.000000	1.000000	0.000000	1.000000	0.850542	-0.263758	0.992365	0.000000	0.094940	1.303276	0.265022	0.000000	-1.022420	-0.098398	0.850148	0.000000	0.244682	0.181459	-0.100179	1.000000
MARKER	0.043750	1.000000	1.000000	0.000000	1.000000	1.148829	-0.537903	0.410646	0.000000	-0.639470	-0.598086	1.005559	0.000000	-0.221469	-1.063359	-0.773303	0.000000	0.369014	0.133055	-0.376114	1.000000
MARKER	0.043750	1.000000	1.000000	0.000000	1.000000	-1.253725	-0.120041	0.437655	0.000000	-0.424695	-0.142870	-1.255787	0.000000	0.159955	-1.320211	0.096104	0.000000	-0.428641	-0.371573	-0.251444	1.000000
MARKER	0.043750	1.000000	1.000000	0.000000	1.000000	-0.779088	-0.857305	0.660173	0.000000	-0.109365	0.871719	1.002957	0.000000	-1.076494	0.531894	-0.579678	0.000000	-0.202159	-0.427931	-0.449745	1.000000
MARKER	0.043750	1.000000	1.000000	0.000000	1.000000	-0.625298	-0.652441	0.980357	0.000000	-1.146112	0.592201	-0.336903	0.000000	-0.270570	-1.000698	-0.838555	0.000000	-0.310254	-0.063890	0.453158	1.000000
MARKER	0.043750	1.000000	1.000000	0.000000	1.000000	1.177928	-0.337615	0.525623	0.000000	0.624617	0.655967	-0.978437	0.000000	-0.010842	1.110631	0.737671	0.000000	0.277634	-0.434314	0.046246	1.000000
MARKER	0.043750	1.000000	1.000000	0.000000	1.000000	-0.220016	-1.315016	0.010176	0.000000	0.024758	0.006173	1.333089	0.000000	-1.314822	0.220165	0.023399	0.000000	-0.041223	-0.188089	-0.344246	1.000000
MARKER	0.043750	1.000000	1.000000	0.000000	1.000000	1.166853	-0.548397	0.339843	0.000000	-0.602606	-0.675565	0.978906	0.000000	-0.230433	-1.010273	-0.839064	0.000000	0.323688	0.219866	-0.267361	1.000000
MARKER	0.043750	1.000000	1.000000	0.000000	1.000000	1.182668	-0.336763	0.515428	0.000000	-0.325207	0.606110	1.142212	0.000000	-0.522795	-1.138859	0.455482	0.000000	0.256717	0.013721	0.178079	1.000000
MARKER	0.043750	1.000000	1.000000	0.000000	1.000000	1.067015	-0.394007	0.695712	0.000000	0.757823	0.868231	-0.670565	0.000000	-0.254874	0.932047	0.918752	0.000000	0.022115	-0.310904	-0.364884	1.000000
MARKER	0.043750	1.000000	1.000000	0.000000	1.000000	-0.995513	0.290935	-0.837907	0.000000	-0.270157	1.100263	0.703003	0.000000	0.844835	0.694661	-0.762546	0.000000	-0.245856	-0.065287	0.213098	1.000000
MARKER	0.043750	1.000000	1.000000	0.000000	1.000000	1.192526	-0.366517	0.470451	0.000000	0.596222	0.756268	-0.922148	0.000000	-0.013353	1.035134	0.840296	0.000000	0.270352	-0.330243	0.205561	1.000000
MARKER	0.043750	1.000000	1.000000	0.000000	1.000000	-0.352375	-0.147399	1.277452	0.000000	-0.059836	1.324990	0.136378	0.000000	-1.284535	-0.021286	-0.356785	0.000000	0.274471	0.012898	0.407826	1.000000
MARKER	0.043750	1.000000	1.000000	0.000000	1.000000	-0.075178	0.844351	-1.029173	0.000000	-1.134685	-0.579697	-0.392708	0.000000	-0.696144	0.853698	0.751239	0.000000	0.363973	-0.304756	-0.421795	1.000000
MARKER	0.043750	1.000000	1.000000	0.000000	1.000000	-1.103404	0.267806	-0.698968	0.000000	0.281132	1.302192	0.055128	0.000000	0.693715	-0.101756	-1.134100	0.000000	-0.209779	0.053591	-0.334482	1.000000
MARKER	0.043750	1.000000	1.000000	0.000000	1.000000	1.299709	-0.078611	0.286976	0.000000	-0.021216	1.258202	0.440744	0.000000	-0.296791	-0.434196	1.225221	0.000000	-0.099314	0.057395	0.136995	1.000000
MARKER	0.043750	1.000000	1.000000	0.000000	1.000000	-0.501856	-0.815132	0.928159	0.000000	-0.331037	-0.876443	-0.948705	0.000000	1.190098	-0.587526	0.127507	0.000000	-0.241819	-0.310701	0.392621	1.000000
MARKER	0.043750	1.000000	1.000000	0.000000	1.000000	1.111927	-0.725774	0.121032	0.000000	-0.723595	-1.038820	0.418378	0.000000	-0.133438	-0.414588	-1.260194	0.000000	0.275900	0.347736	-0.166445	1.000000
MARKER	0.043750	1.000000	1.000000	0.000000	1.000000	1.256563	-0.294344	0.334946	0.000000	-0.008152	0.986227	0.897256	0.000000	-0.445826	-0.847642	0.927642	0.000000	0.131989	0.379403	0.058506	1.000000
MARKER	0.043750	1.000000	1.000000	0.000000	1.000000	-1.115162	0.729488	-0.045160	0.000000	0.459079	0.635005	-1.078793	0.000000	-0.568717	-0.917820	-0.782269	0.000000	-0.271957	0.033074	0.375720	1.000000
MARKER	0.043750	1.000000	1.000000	0.000000	1.000000	1.198257	-0.461492	0.359141	0.000000	-0.464556	-0.253891	1.223726	0.000000	-0.355168	-1.224885	-0.388962	0.000000	0.266260	0.394966	0.042346	1.000000
MARKER	0.043750	1.000000	1.000000	0.000000	1.000000	-0.058998	0.512138	-1.229639	0.000000	-1.097334	-0.716416	-0.245734	0.000000	-0.755087	1.001120	0.453190	0.000000	0.204685	0.402699	-0.474102	1.000000
MARKER	0.043750	1.000000	1.000000	0.000000	1.000000	-0.861943	-0.935911	0.398626	0.000000	-0.858679	0.949525	0.372628	0.000000	-0.545439	-0.015830	-1.216562	0.000000	-0.360294	-0.378265	0.063140	1.000000
MARKER	0.043750	1.000000	1.000000	0.000000	1.000000	-0.116751	0.884816	-0.990580	0.000000	-1.148817	-0.566345	-0.370475	0.000000	-0.666609	0.821056	0.811959	0.000000	0.480841	-0.410241	-0.448805	1.000000
MARKER	0.043750	1.000000	1.000000	0.000000	1.000000	0.115285	0.817606	-1.046904	0.000000	-1.196462	-0.392570	-0.438342	0.000000	-0.577031	0.977337	0.699733	0.000000	-0.073163	0.084870	-0.405669	1.000000
MARKER	0.043750	1.000000	1.000000	0.000000	1.000000	1.169587	-0.545766	0.334641	0.000000	0.640185	0.994138	-0.616141	0.000000	0.002692	0.701147	1.134091	0.000000	0.171938	-0.368280	-0.268270	1.000000
MARKER	0.043750	1.000000	1.000000	0.000000	1.000000	1.150119	-0.599177	0.309824	0.000000	-0.674343	-1.006560	0.556665	0.000000	-0.016264	-0.636869	-1.171286	0.000000	0.338367	0.150038	-0.295784	1.000000
MARKER	0.043750	1.000000	1.000000	0.000000	1.000000	0.285115	0.891650	-0.949446	0.000000	-1.252221	0.455067	0.051328	0.000000	0.358371	0.880712	0.934717	0.000000	-0.344516	-0.082044	-0.271459	1.000000
MARKER	0.043750	1.000000	1.000000	0.000000	1.000000	-1.143343	0.676057	0.116151	0.000000	0.662903	1.147000	-0.150761	0.000000	-0.176361	-0.071532	-1.319681	0.000000	-0.056442	0.236382	0.320647	1.000000
MARKER	0.043750	1.000000	1.000000	0.000000	1.000000	0.999725	-0.766682	0.436494	0.000000	0.642340	0.180353	-1.154404	0.000000	0.604753	1.075848	0.504581	0.000000	0.494369	-0.376928	-0.362978	1.000000
MARKER	0.043750	1.000000	1.000000	0.000000	1.000000	-0.549088	-0.727055	0.973484	0.000000	-1.178202	0.057613	-0.621529	0.000000	0.296850	-1.116176	-0.666190	0.000000	-0.400909	-0.035720	0.157395	1.000000
MARKER	0.043750	1.000000	1.000000	0.000000	1.000000	1.129482	-0.544526	0.453366	0.000000	0.461290	1.212670	0.307281	0.000000	-0.537829	-0.103451	1.215654	0.000000	0.123868	-0.308515	-0.227332	1.000000
MARKER	0.043750	1.000000	1.000000	0.000000	1.000000	-0.499265	-0.595022	1.083726	0.000000	-1.183398	-0.108326	-0.604660	0.000000	0.357886	-1.188273	-0.487548	0.000000	-0.441348	-0.449443	-0.033906	1.000000
MARKER	0.043750	1.000000	1.000000	0.000000	1.000000	-0.872703	-0.975130	0.255517	0.000000	-0.999102	0.881641	-0.047765	0.000000	-0.134023	-0.222729	-1.307749	0.000000	-0.231898	-0.371495	0.200969	1.000000
MARKER	0.043750	1.000000	1.000000	0.000000	1.000000	0.043447	0.559892	-1.209302	0.000000	-1.034466	-0.748592	-0.383754	0.000000	-0.840101	0.950741	0.409999	0.000000	0.076930	0.323831	-0.473257	1.000000
MARKER	0.043750	1.000000	1.000000	0.000000	1.000000	1.272619	0.012538	0.397569	0.000000	0.153213	1.214391	-0.528733	0.000000	-0.367076	0.550341	1.157652	0.000000	0.232703	0.058034	-0.242453	1.000000
MARKER	0.043750	1.000000	1.000000	0.000000	1.000000	-0.982406	0.021633	0.901215	0.000000	0.852269	-0.412075	0.938941	0.000000	0.293760	1.267874	0.289791	0.000000	-0.182949	0.148263	-0.323450	1.000000
MARKER	0.043750	1.000000	1.000000	0.000000	1.000000	-0.359678	1.202829	-0.449013	0.000000	0.089237	-0.441751	-1.254859	0.000000	-1.280799	-0.368561	0.038664	0.000000	0.405100	0.462157	0.056690	1.000000
MARKER	0.043750	1.000000	1.000000	0.000000	1.000000	-0.529859	-0.805867	0.920655	0.000000	-1.153190	-0.006350	-0.669246	0.000000	0.408877	-1.062222	-0.694465	0.000000	-0.459259	0.097429	0.297507	1.000000
MARKER	0.043750	1.000000	1.000000	0.000000	1.000000	0.528892	-1.052120	-0.625376	0.000000	1.034273	0.748472	-0.384510	0.000000	0.654470	-0.332584	1.113029	0.000000	-0.287779	-0.153030	0.030028	1.000000
MARKER	0.043750	1.000000	1.000000	0.000000	1.000000	-0.511039	-0.442086	1.149424	0.000000	-0.994507	0.882128	-0.102882	0.000000	-0.726342	-0.896765	-0.667845	0.000000	0.334659	0.463826	0.386897	1.000000
MARKER	0.043750	1.000000	1.000000	0.000000	1.000000	0.292310	-0.015673	1.300802	0.000000	-0.913851	-0.951346	0.193894	0.000000	0.925856	-0.934063	-0.219308	0.000000	-0.012459	-0.157564	0.053425	1.000000
MARKER	0.043750	1.000000	1.000000	0.000000	1.000000	1.136682	-0.162798	0.677663	0.000000	0.196920	1.318642	-0.013521	0.000000	-0.668546	0.111611	1.148202	0.000000	0.409524	-0.390965	0.308250	1.000000
MARKER	0.043750	1.000000	1.000000	0.000000	1.000000	1.199556	-0.311598	0.491681	0.000000	0.571698	0.842624	-0.860769	0.000000	-0.109566	0.985226	0.891686	0.000000	0.412473	-0.372564	0.142905	1.000000
MARKER	0.043750	1.000000	1.000000	0.000000	1.000000	0.935917	-0.222569	0.923201	0.000000	-0.159440	1.240971	0.460813	0.000000	-0.936171	-0.433858	0.844469	0.000000	0.367413	-0.192775	-0.444246	1.000000
MARKER	0.043750	1.000000	1.000000	0.000000	1.000000	-1.143203	0.156292	0.668160	0.000000	0.628072	0.761253	0.896547	0.000000	-0.276386	1.083441	-0.726322	0.000000	0.132263	-0.007312	0.193355	1.000000
MARKER	0.043750	1.000000	1.000000	0.000000	1.000000	1.295413	0.017534	0.315238	0.000000	0.091972	1.252583	-0.447611	0.000000	-0.302032	0.456625	1.215750	0.000000	0.166664	0.011747	-0.123602	1.000000
MARKER	0.043750	1.000000	1.000000	0.000000	1.000000	-0.444360	-0.800829	0.969018	0.000000	-0.365554	-0.901046	-0.912286	0.000000	1.202785	-0.569708	0.080732	0.000000	-0.376818	-0.360579	0.340256	1.000000
MARKER	0.043750	1.000000	1.000000	0.000000	1.000000	-0.176973	1.299236	-0.241752	0.000000	0.018029	-0.241514	-1.311154	0.000000	-1.321413	-0.177298	0.014488	0.000000	-0.340616	0.458775	-0.053821	1.000000
MARKER	0.043750	1.000000	1.000000	0.000000	1.000000	1.193544	-0.298171	0.514126	0.000000	-0.314357	0.662138	1.113791	0.000000	-0.504392	-1.118233	0.522419	0.000000	0.306412	-0.099867	0.181929	1.000000
MARKER	0.043750	1.000000	1.000000	0.000000	1.000000	0.313866	-0.055438	1.294679	0.000000	-0.835355	-1.027048	0.158535	0.000000	0.990681	-0.848456	-0.276499	0.000000	0.040409	-0.050963	0.215391	1.000000
MARKER	0.043750	1.000000	1.000000	0.000000	1.000000	-0.533230	0.977453	0.733505	0.000000	0.723029	-0.392857	1.049128	0.000000	0.985227	0.817329	-0.372933	0.000000	-0.126055	-0.122408	0.246768	1.000000
MARKER	0.043750	1.000000	1.000000	0.000000	1.000000	-0.342803	-0.428621	1.215133	0.000000	-0.337098	1.243441	0.343507	0.000000	-1.243636	-0.218897	-0.428057	0.000000	0.156787	0.408334	0.328229	1.000000
MARKER	0.043750	1.000000	1.000000	0.000000	1.000000	-0.593187	-0.675168	0.984914	0.000000	-1.169075	0.552389	-0.325435	0.000000	-0.243249	-1.008361	-0.837744	0.000000	-0.384911	-0.026917	0.433548	1.000000
MARKER	0.043750	1.000000	1.000000	0.000000	1.000000	0.044071	1.100839	0.750992	0.000000	0.285309	-0.741774	1.070583	0.000000	1.301704	0.125312	-0.260078	0.000000	0.065041	0.223757	-0.044175	1.000000
MARKER	0.043750	1.000000	1.000000	0.000000	1.000000	-1.221645	-0.347906	0.405367	0.000000	-0.443335	0.095839	-1.253813	0.000000	0.298020	-1.283571	-0.203490	0.000000	-0.444340	0.112798	-0.214324	1.000000
MARKER	0.043750	1.000000	1.000000	0.000000	1.000000	-1.295403	-0.165491	0.268927	0.000000	-0.296650	0.248702	-1.275901	0.000000	0.108201	-1.299438	-0.278447	0.000000	-0.373799	-0.159492	0.053966	1.000000
MARKER	0.043750	1.000000	1.000000	0.000000	1.000000	1.234961	-0.317718	0.389494	0.000000	0.501667	0.714765	-1.007581	0.000000	0.031297	1.079789	0.781571	0.000000	0.140504	-0.432476	0.302851	1.000000
MARKER	0.043750	1.000000	1.000000	0.000000	1.000000	1.211658	-0.270127	0.486513	0.000000	0.113367	1.261081	0.417851	0.000000	-0.544804	-0.338353	1.168967	0.000000	0.341719	0.031649	0.106748	1.000000
MARKER	0.043750	1.000000	1.000000	0.000000	1.000000	-1.125010	0.058541	-0.713234	0.000000	-0.589452	0.677736	0.985392	0.000000	0.405802	1.146745	-0.545965	0.000000	0.010910	-0.458659	-0.307928	1.000000
MARKER	0.043750	1.000000	1.000000	0.000000	1.000000	-0.440715	-0.980994	0.788161	0.000000	-0.672750	-0.522067	-1.025978	0.000000	1.063463	-0.736800	-0.322411	0.000000	-0.450026	0.413221	0.337569	1.000000
MARKER	0.043750	1.000000	1.000000	0.000000	1.000000	1.284073	-0.000687	0.359074	0.000000	-0.037062	1.325956	0.135075	0.000000	-0.357157	-0.140066	1.276949	0.000000	0.252391	0.033809	-0.087435	1.000000
MARKER	0.043750	1.000000	1.000000	0.000000	1.000000	-1.059260	0.127776	-0.799638	0.000000	0.143137	1.325442	0.022186	0.000000	0.797031	-0.068218	-1.066708	0.000000	-0.420845	0.253819	-0.177710	1.000000
MARKER	0.043750	1.000000	1.000000	0.000000	1.000000	0.420796	1.003844	-0.770069	0.000000	-0.669062	0.865343	0.762440	0.000000	1.073808	0.145794	0.776826	0.000000	-0.467279	-0.274633	-0.452910	1.000000
MARKER	0.043750	1.000000	1.000000	0.000000	1.000000	-1.239086	-0.403447	0.282265	0.000000	-0.366567	0.245521	-1.258224	0.000000	0.328744	-1.246887	-0.339084	0.000000	-0.442031	0.323453	0.109475	1.000000
MARKER	0.043750	1.000000	1.000000	0.000000	1.000000	-0.672998	-0.660618	0.942568	0.000000	-0.986542	0.893536	-0.078143	0.000000	-0.592947	-0.736855	-0.939807	0.000000	-0.062191	-0.222751	0.424273	1.000000
MARKER	0.043750	1.000000	1.000000	0.000000	1.000000	-1.004797	0.238029	-0.843507	0.000000	0.241492	1.308738	0.081644	0.000000	0.842522	-0.091248	-1.029373	0.000000	-0.282960	0.077346	0.043655	1.000000
MARKER	0.043750	1.000000	1.000000	0.000000	1.000000	-0.427961	-0.259629	1.235808	0.000000	-0.374653	1.272202	0.137533	0.000000	-1.205928	-0.303105	-0.481292	0.000000	0.377881	0.204665	0.337337	1.000000
MARKER	0.043750	1.000000	1.000000	0.000000	1.000000	-0.102026	-1.328089	0.059569	0.000000	0.266387	0.038109	1.305896	0.000000	-1.302462	0.111827	0.262423	0.000000	-0.017818	-0.039679	-0.239035	1.000000
MARKER	0.043750	1.000000	1.000000	0.000000	1.000000	1.290655	-0.073805	0.326405	0.000000	-0.037261	1.260722	0.432401	0.000000	-0.332564	-0.427682	1.218305	0.000000	-0.051294	0.058171	0.048248	1.000000
MARKER	0.043750	1.000000	1.000000	0.000000	1.000000	0.083296	0.933085	-0.948784	0.000000	-1.327440	-0.008537	-0.124936	0.000000	-0.093507	0.952395	0.928428	0.000000	0.114445	-0.324952	-0.472661	1.000000
MARKER	0.043750	1.000000	1.000000	0.000000	1.000000	0.055737	0.837264	-1.036176	0.000000	-1.274641	0.334988	0.202117	0.000000	0.387248	0.982115	0.814411	0.000000	-0.010984	0.250345	-0.426475	1.000000
MARKER	0.043750	1.000000	1.000000	0.000000	1.000000	1.276924	-0.075473	0.376226	0.000000	-0.044749	1.269079	0.406464	0.000000	-0.381104	-0.401895	1.212855	0.000000	-0.120762	0.111364	0.032201	1.000000
MARKER	0.043750	1.000000	1.000000	0.000000	1.000000	-0.439041	1.247542	-0.169293	0.000000	-0.806238	-0.416309	-0.976957	0.000000	-0.966955	-0.219326	0.891444	0.000000	0.370823	0.288782	-0.374924	1.000000
MARKER	0.043750	1.000000	1.000000	0.000000	1.000000	1.069934	-0.605544	0.516078	0.000000	0.325655	1.122401	0.641828	0.000000	-0.725926	-0.388987	1.048570	0.000000	0.114907	-0.209659	-0.198098	1.000000
MARKER	0.043750	1.000000	1.000000	0.000000	1.000000	1.129028	-0.191658	0.682892	0.000000	0.182361	1.319016	0.068692	0.000000	-0.685433	0.035234	1.143118	0.000000	0.465986	-0.297997	0.356592	1.000000
MARKER	0.043750	1.000000	1.000000	0.000000	1.000000	0.295318	-0.005117	1.300207	0.000000	-0.893468	-0.969456	0.199119	0.000000	0.944606	-0.915373	-0.218153	0.000000	0.015358	-0.174133	0.135452	1.000000
MARKER	0.043750	1.000000	1.000000	0.000000	1.000000	0.712543	-0.013444	1.126889	0.000000	0.121675	1.326363	-0.061113	0.000000	-1.120382	0.135495	0.710045	0.000000	0.179586	-0.299061	0.314696	1.000000
MARKER	0.043750	1.000000	1.000000	0.000000	1.000000	-1.284882	-0.223257	0.277511	0.000000	-0.314252	0.221657	-1.276672	0.000000	0.167635	-1.295686	-0.266222	0.000000	-0.401409	-0.058079	0.030762	1.000000
MARKER	0.043750	1.000000	1.000000	0.000000	1.000000	-0.404535	1.249904	-0.227750	0.000000	-0.485232	-0.372897	-1.184599	0.000000	-1.174172	-0.276526	0.568007	0.000000	0.372602	0.321008	-0.330559	1.000000
MARKER	0.043750	1.000000	1.000000	0.000000	1.000000	-0.931764	-0.912427	0.277618	0.000000	-0.900088	0.969606	0.165783	0.000000	-0.315334	-0.071557	-1.293531	0.000000	-0.069224	-0.391971	0.325974	1.000000
MARKER	0.043750	1.000000	1.000000	0.000000	1.000000	1.272649	-0.212516	0.336125	0.000000	-0.038241	1.056352	0.812672	0.000000	-0.395829	-0.785325	1.002179	0.000000	-0.050986	0.290209	0.064230	1.000000
MARKER	0.043750	1.000000	1.000000	0.000000	1.000000	0.190964	0.859900	-1.000941	0.000000	-1.221909	0.497099	0.193932	0.000000	0.498246	0.889518	0.859235	0.000000	-0.167616	0.220407	-0.444314	1.000000
MARKER	0.043750	1.000000	1.000000	0.000000	1.000000	-1.194110	-0.271398	0.527468	0.000000	-0.181813	-0.961089	-0.906107	0.000000	0.564644	-0.883418	0.823727	0.000000	-0.476256	-0.361553	-0.327555	1.000000
MARKER	0.043750	1.000000	1.000000	0.000000	1.000000	0.949304	-0.219158	0.910258	0.000000	-0.154973	1.241630	0.460562	0.000000	-0.923354	-0.433709	0.858540	0.000000	0.372302	-0.224646	-0.384028	1.000000
MARKER	0.043750	1.000000	1.000000	0.000000	1.000000	1.282603	-0.193001	0.308962	0.000000	-0.088859	0.930919	0.950406	0.000000	-0.353285	-0.934836	0.882637	0.000000	-0.008947	0.235866	0.142845	1.000000
MARKER	0.043750	1.000000	1.000000	0.000000	1.000000	-0.807293	-0.965723	0.439812	0.000000	-0.149348	0.650520	1.154252	0.000000	-1.050595	0.649601	-0.502042	0.000000	-0.191305	-0.370553	0.097876	1.000000
MARKER	0.043750	1.000000	1.000000	0.000000	1.000000	0.309772	0.767143	-1.045615	0.000000	-1.141291	-0.349252	-0.594354	0.000000	-0.615853	1.033099	0.575508	0.000000	-0.449494	0.086242	-0.415671	1.000000
MARKER	0.043750	1.000000	1.000000	0.000000	1.000000	-0.830152	-0.880041	0.560494	0.000000	-0.204383	0.839542	1.015468	0.000000	-1.023159	0.546328	-0.657609	0.000000	-0.176846	-0.447074	-0.227973	1.000000
MARKER	0.043750	1.000000	1.000000	0.000000	1.000000	-0.105788	0.840211	-1.029870	0.000000	-1.131588	-0.598869	-0.372347	0.000000	-0.697205	0.844499	0.760595	0.000000	0.434672	-0.306992	-0.426787	1.000000
MARKER	0.043750	1.000000	1.000000	0.000000	1.000000	-0.686622	-0.605172	0.969585	0.000000	-1.124305	0.561081	-0.445986	0.000000	-0.205588	-1.047250	-0.799237	0.000000	-0.176519	-0.175441	0.414040	1.000000
MARKER	0.043750	1.000000	1.000000	0.000000	1.000000	-1.122799	0.701728	0.157093	0.000000	0.634083	1.103531	-0.397411	0.000000	-0.339173	-0.259952	-1.262998	0.000000	-0.185085	0.357033	0.194653	1.000000
MARKER	0.043750	1.000000	1.000000	0.000000	1.000000	1.174242	-0.325952	0.541007	0.000000	-0.366871	0.577669	1.144326	0.000000	-0.514139	-1.156647	0.419055	0.000000	0.281512	-0.011545	0.146416	1.000000
MARKER	0.043750	1.000000	1.000000	0.000000	1.000000	-0.180482	0.653294	-1.148221	0.000000	-1.147457	-0.651794	-0.190484	0.000000	-0.654634	0.962366	0.650448	0.000000	0.438108	0.068747	-0.398540	1.000000
MARKER	0.043750	1.000000	1.000000	0.000000	1.000000	-0.002937	1.059513	0.809446	0.000000	-0.211106	-0.799607	1.045868	0.000000	1.316512	-0.125855	0.169514	0.000000	0.029669	0.227269	-0.299977	1.000000
MARKER	0.043750	1.000000	1.000000	0.000000	1.000000	-0.422669	1.262567	0.071090	0.000000	-1.250640	-0.428446	0.173526	0.000000	0.187160	-0.011674	1.320081	0.000000	-0.106745	0.420067	-0.119426	1.000000
MARKER	0.043750	1.000000	1.000000	0.000000	1.000000	1.050826	-0.412400	0.709555	0.000000	0.816453	0.642373	-0.835786	0.000000	-0.083341	1.093189	0.758796	0.000000	0.278292	-0.184195	-0.279535	1.000000
MARKER	0.043750	1.000000	1.000000	0.000000	1.000000	1.206002	-0.250622	0.510417	0.000000	0.070224	1.253323	0.449475	0.000000	-0.564274	-0.379669	1.146832	0.000000	0.294259	-0.002671	0.014966	1.000000
MARKER	0.043750	1.000000	1.000000	0.000000	1.000000	-0.134854	1.316542	-0.162199	0.000000	0.041682	-0.158749	-1.323193	0.000000	-1.325841	-0.138899	-0.025101	0.000000	-0.427288	0.449962	-0.198272	1.000000
MARKER	0.043750	1.000000	1.000000	0.000000	1.000000	1.241506	-0.218749	0.434270	0.000000	-0.175307	0.909353	0.959230	0.000000	-0.453552	-0.950265	0.817964	0.000000	-0.222505	0.251204	-0.056734	1.000000
MARKER	0.043750	1.000000	1.000000	0.000000	1.000000	-0.306010	-0.546918	1.176867	0.000000	-1.260946	0.411199	-0.136778	0.000000	-0.306840	-1.144366	-0.611599	0.000000	-0.133959	0.407926	0.400288	1.000000
MARKER	0.043750	1.000000	1.000000	0.000000	1.000000	-0.441982	-0.423181	1.184630	0.000000	-1.241708	0.347867	-0.339010	0.000000	-0.201473	-1.215600	-0.509413	0.000000	0.025222	0.055449	0.466726	1.000000
MARKER	0.043750	1.000000	1.000000	0.000000	1.000000	1.214386	-0.242271	0.494316	0.000000	0.054082	1.243981	0.476827	0.000000	-0.547831	-0.414239	1.142832	0.000000	0.224691	0.020754	0.038795	1.000000
MARKER	0.043750	1.000000	1.000000	0.000000	1.000000	-1.195063	0.138809	0.574748	0.000000	0.579730	0.529925	1.077437	0.000000	-0.116262	1.215603	-0.535324	0.000000	0.038086	-0.024863	0.329042	1.000000
MARKER	0.043750	1.000000	1.000000	0.000000	1.000000	-0.377856	1.272519	-0.125291	0.000000	-0.481000	-0.262506	-1.215528	0.000000	-1.184754	-0.299272	0.533454	0.000000	-0.191060	0.445645	0.024941	1.000000
MARKER	0.043750	1.000000	1.000000	0.000000	1.000000	1.274006	-0.126342	0.372457	0.000000	-0.002511	1.260028	0.436004	0.000000	-0.393294	-0.417305	1.203725	0.000000	-0.151470	0.192309	0.067691	1.000000
MARKER	0.043750	1.000000	1.000000	0.000000	1.000000	1.272463	0.061007	0.393566	0.000000	0.102631	1.222869	-0.521380	0.000000	-0.384816	0.527871	1.162345	0.000000	0.332758	-0.016148	-0.200770	1.000000
MARKER	0.043750	1.000000	1.000000	0.000000	1.000000	-1.148802	0.659750	0.150871	0.000000	0.590847	1.122648	-0.410291	0.000000	-0.330048	-0.286652	-1.259634	0.000000	-0.174571	0.455831	0.210209	1.000000
MARKER	0.043750	1.000000	1.000000	0.000000	1.000000	-0.474808	0.947141	0.809480	0.000000	0.789738	-0.441230	0.979494	0.000000	0.963665	0.828262	-0.403870	0.000000	-0.243874	-0.054412	0.101573	1.000000
MARKER	0.043750	1.000000	1.000000	0.000000	1.000000	-1.166472	0.047733	-0.644083	0.000000	-0.534473	0.675133	1.017995	0.000000	0.362575	1.148780	-0.571509	0.000000	0.104962	-0.450482	-0.434556	1.000000
MARKER	0.043750	1.000000	1.000000	0.000000	1.000000	-0.757142	0.015680	-1.097391	0.000000	0.245956	1.301712	-0.151097	0.000000	1.069589	-0.288234	-0.742078	0.000000	-0.347528	0.348694	-0.097165	1.000000
MARKER	0.043750	1.000000	1.000000	0.000000	1.000000	0.327621	0.893165	-0.934184	0.000000	-1.246923	0.471981	0.013957	0.000000	0.340037	0.870212	0.951254	0.000000	-0.425682	-0.083279	-0.297677	1.000000
MARKER	0.043750	1.000000	1.000000	0.000000	1.000000	-0.317818	-0.173582	1.283214	0.000000	-0.351327	1.283297	0.086579	0.000000	-1.246330	-0.317484	-0.351629	0.000000	0.102193	0.101125	0.425963	1.000000
MARKER	0.043750	1.000000	1.000000	0.000000	1.000000	-1.018966	-0.115234	0.852178	0.000000	-0.207656	-1.249232	-0.417224	0.000000	0.834485	-0.451573	0.936747	0.000000	-0.245480	0.166295	0.211119	1.000000
MARKER	0.043750	1.000000	1.000000	0.000000	1.000000	1.131105	-0.304600	0.636866	0.000000	0.561095	1.117862	-0.461882	0.000000	-0.428429	0.659835	1.076496	0.000000	0.251446	-0.357781	-0.013199	1.000000
MARKER	0.043750	1.000000	1.000000	0.000000	1.000000	-0.129910	1.096507	0.747378	0.000000	-1.257532	-0.341497	0.282437	0.000000	0.423691	-0.677370	1.067442	0.000000	0.024334	0.271405	-0.351796	1.000000
MARKER	0.043750	1.000000	1.000000	0.000000	1.000000	0.045265	0.731509	-1.113833	0.000000	-1.072939	-0.640929	-0.464533	0.000000	-0.790273	0.912076	0.566890	0.000000	0.126883	-0.072763	-0.479236	1.000000
MARKER	0.043750	1.000000	1.000000	0.000000	1.000000	-1.110753	0.071198	-0.734122	0.000000	-0.249885	1.212294	0.495658	0.000000	0.693947	0.550500	-0.996577	0.000000	0.054013	-0.339358	-0.474860	1.000000
MARKER	0.043750	1.000000	1.000000	0.000000	1.000000	-0.928448	-0.870716	0.397008	0.000000	-0.373342	0.838900	0.966768	0.000000	-0.881123	0.562031	-0.827962	0.000000	0.066084	-0.465024	0.294217	1.000000
MARKER	0.043750	1.000000	1.000000	0.000000	1.000000	-1.272021	-0.335479	0.217242	0.000000	-0.285390	0.255026	-1.277220	0.000000	0.279809	-1.264987	-0.315106	0.000000	-0.368256	0.209406	0.234174	1.000000
MARKER	0.043750	1.000000	1.000000	0.000000	1.000000	-0.452757	1.241186	-0.179572	0.000000	-0.636623	-0.391953	-1.104021	0.000000	-1.080509	-0.289150	0.725720	0.000000	0.421099	0.263577	-0.378091	1.000000
MARKER	0.043750	1.000000	1.000000	0.000000	1.000000	-1.163581	0.205701	0.617693	0.000000	0.633039	0.652917	0.975058	0.000000	-0.152049	1.144187	-0.667454	0.000000	-0.081070	-0.156099	0.223006	1.000000
MARKER	0.043750	1.000000	1.000000	0.000000	1.000000	1.303097	-0.122720	0.254276	0.000000	0.033275	1.259180	0.437190	0.000000	-0.280374	-0.420930	1.233688	0.000000	-0.097196	0.134726	0.201835	1.000000
MARKER	0.043750	1.000000	1.000000	0.000000	1.000000	0.034517	1.009617	0.870207	0.000000	0.535352	-0.807699	0.915860	0.000000	1.220649	0.325691	-0.426285	0.000000	-0.087472	0.235941	-0.409992	1.000000
MARKER	0.043750	1.000000	1.000000	0.000000	1.000000	-0.451338	-0.000714	-1.254620	0.000000	0.076142	1.330860	-0.028149	0.000000	1.252308	-0.081175	-0.450460	0.000000	-0.172467	0.372391	-0.245268	1.000000
MARKER	0.043750	1.000000	1.000000	0.000000	1.000000	-0.443180	-0.837208	0.938324	0.000000	-0.330562	-0.882342	-0.943387	0.000000	1.213300	-0.546199	0.085715	0.000000	-0.423592	-0.174457	0.324562	1.000000
MARKER	0.043750	1.000000	1.000000	0.000000	1.000000	1.236009	-0.273892	0.418382	0.000000	-0.360578	0.284771	1.251666	0.000000	-0.346474	-1.273446	0.189915	0.000000	-0.200866	0.233884	-0.012611	1.000000
MARKER	0.043750	1.000000	1.000000	0.000000	1.000000	1.248621	-0.120674	0.451841	0.000000	0.059058	1.318555	0.188948	0.000000	-0.463934	-0.156930	1.240128	0.000000	0.435116	-0.255678	-0.028867	1.000000
MARKER	0.043750	1.000000	1.000000	0.000000	1.000000	0.119581	0.759240	-1.089511	0.000000	-1.084460	-0.575526	-0.520090	0.000000	-0.766436	0.932793	0.565907	0.000000	-0.037539	-0.100222	-0.479998	1.000000
MARKER	0.043750	1.000000	1.000000	0.000000	1.000000	-0.362676	-0.075286	1.280850	0.000000	-0.264173	1.306900	0.002015	0.000000	-1.255570	-0.253226	-0.370403	0.000000	0.244776	-0.110710	0.315964	1.000000
MARKER	0.043750	1.000000	1.000000	0.000000	1.000000	1.241745	-0.133817	0.466840	0.000000	0.066446	1.316478	0.200623	0.000000	-0.481074	-0.163577	1.232716	0.000000	0.344469	-0.244200	-0.074396	1.000000
MARKER	0.043750	1.000000	1.000000	0.000000	1.000000	-0.860927	-0.967927	0.315752	0.000000	-1.016799	0.796305	-0.331354	0.000000	0.051969	-0.454746	-1.252311	0.000000	-0.255628	-0.374199	-0.039715	1.000000
MARKER	0.043750	1.000000	1.000000	0.000000	1.000000	-0.205638	1.133238	0.671761	0.000000	-1.301392	-0.280353	0.074566	0.000000	0.204623	-0.644168	1.149328	0.000000	0.215131	0.111102	-0.265636	1.000000
