MARKER	0.408333	1.000000	1.000000	0.000000	1.000000	-0.114533	0.015389	0.083986	0.000000	0.084489	0.040715	0.107759	0.000000	-0.012328	0.136065	-0.041743	0.000000	0.092600	-0.421836	-0.094768	1.000000
MARKER	0.408333	1.000000	1.000000	0.000000	1.000000	0.075027	-0.014084	0.120751	0.000000	-0.061142	-0.127015	0.023175	0.000000	0.105075	-0.063852	-0.072734	-0.000000	-0.076577	0.027921	0.465202	1.000000
MARKER	0.408333	1.000000	1.000000	0.000000	1.000000	0.032532	-0.060843	0.125092	0.000000	-0.086732	-0.109310	-0.030611	-0.000000	0.108754	-0.068976	-0.061832	-0.000000	-0.212093	-0.215653	0.183823	1.000000
MARKER	0.408333	1.000000	1.000000	0.000000	1.000000	-0.059756	-0.056069	0.117020	0.000000	0.091225	0.073467	0.081785	0.000000	-0.092279	0.108936	0.005074	0.000000	0.424413	-0.156338	-0.330299	1.000000
MARKER	0.408333	1.000000	1.000000	0.000000	1.000000	-0.049044	0.022221	0.132322	0.000000	0.133726	-0.003413	0.050138	-0.000000	0.010960	0.141077	-0.019629	0.000000	0.452713	-0.464181	-0.389169	1.000000
MARKER	0.408333	1.000000	1.000000	0.000000	1.000000	0.046396	-0.109053	-0.079768	-0.000000	-0.106420	0.022471	-0.092618	-0.000000	0.083249	0.089502	-0.073940	-0.000000	-0.451997	-0.225387	0.117632	1.000000
MARKER	0.408333	1.000000	1.000000	0.000000	1.000000	0.013049	-0.138760	-0.031363	-0.000000	-0.140960	-0.008365	-0.021642	0.000000	0.019185	0.032924	-0.137681	-0.000000	-0.011333	0.032793	0.333037	1.000000
MARKER	0.408333	1.000000	1.000000	0.000000	1.000000	-0.032301	-0.123046	0.064997	0.000000	-0.120567	-0.008573	-0.076147	0.000000	0.069488	-0.072072	-0.101908	-0.000000	-0.269159	0.410120	0.138933	1.000000
MARKER	0.408333	1.000000	1.000000	0.000000	1.000000	-0.045467	-0.056390	0.123130	0.000000	-0.040171	-0.118424	-0.069068	-0.000000	0.129334	-0.056606	0.021834	-0.000000	-0.143537	0.003532	0.023824	1.000000
MARKER	0.408333	1.000000	1.000000	0.000000	1.000000	0.043491	0.060478	0.121898	0.000000	0.049067	-0.126333	0.045172	-0.000000	0.126922	0.028117	-0.059233	-0.000000	-0.470285	-0.027860	-0.175144	1.000000
MARKER	0.408333	1.000000	1.000000	0.000000	1.000000	0.114530	0.073642	-0.043220	-0.000000	-0.081730	0.073604	-0.091164	-0.000000	-0.024727	0.097814	0.101140	0.000000	-0.464828	-0.387939	-0.364994	1.000000
MARKER	0.408333	1.000000	1.000000	0.000000	1.000000	0.020577	-0.105255	0.094372	0.000000	-0.065269	-0.091667	-0.088007	-0.000000	0.125398	-0.030440	-0.061293	-0.000000	-0.105431	0.174433	0.080791	1.000000
MARKER	0.408333	1.000000	1.000000	0.000000	1.000000	0.095831	0.001218	-0.105939	-0.000000	-0.102612	0.036623	-0.092400	-0.000000	0.026371	0.138078	0.025442	0.000000	-0.408463	-0.266125	0.081195	1.000000
MARKER	0.408333	1.000000	1.000000	0.000000	1.000000	-0.043399	0.065184	0.119481	0.000000	0.080479	0.113425	-0.032648	0.000000	-0.109762	0.057392	-0.071180	0.000000	0.223571	-0.277557	0.074371	1.000000
MARKER	0.408333	1.000000	1.000000	0.000000	1.000000	0.105957	-0.095401	-0.008932	-0.000000	0.094729	0.106299	-0.011621	-0.000000	0.014407	0.002696	0.142103	0.000000	0.254242	-0.093625	-0.412601	1.000000
MARKER	0.408333	1.000000	1.000000	0.000000	1.000000	-0.068902	-0.037183	0.119491	0.000000	0.059794	-0.129610	-0.005853	-0.000000	0.109933	0.047191	0.078076	0.000000	0.221431	0.239923	-0.466251	1.000000
MARKER	0.408333	1.000000	1.000000	0.000000	1.000000	-0.115314	-0.017146	-0.082564	-0.000000	0.005223	-0.141057	0.021998	-0.000000	-0.084163	0.014738	0.114488	0.000000	0.389196	0.087675	-0.189687	1.000000
MARKER	0.408333	1.000000	1.000000	0.000000	1.000000	-0.067522	-0.027714	0.122804	0.000000	0.093839	0.081817	0.070060	0.000000	-0.083924	0.113781	-0.020466	0.000000	0.379070	-0.225904	-0.401295	1.000000
MARKER	0.408333	1.000000	1.000000	0.000000	1.000000	-0.024640	-0.021958	-0.138992	-0.000000	0.108689	-0.092592	-0.004640	-0.000000	-0.089374	-0.106549	0.032676	0.000000	0.453276	0.358094	0.372783	1.000000
MARKER	0.408333	1.000000	1.000000	0.000000	1.000000	-0.111423	0.059310	0.066899	0.000000	-0.027129	-0.124285	0.065002	0.000000	0.085189	0.037995	0.108201	0.000000	0.079383	0.168148	-0.301205	1.000000
MARKER	0.408333	1.000000	1.000000	0.000000	1.000000	-0.031535	-0.056459	0.127382	0.000000	0.135329	-0.043495	0.014224	-0.000000	0.033162	0.123809	0.063086	0.000000	-0.106801	-0.261664	-0.132858	1.000000
MARKER	0.408333	1.000000	1.000000	0.000000	1.000000	-0.027429	-0.026848	-0.137604	-0.000000	-0.093073	-0.101372	0.038331	0.000000	-0.104849	0.097010	0.001972	0.000000	0.457914	-0.304727	0.407402	1.000000
MARKER	0.408333	1.000000	1.000000	0.000000	1.000000	-0.068324	0.125441	-0.002119	0.000000	-0.113453	-0.060747	0.062020	0.000000	0.053558	0.031345	0.128675	0.000000	-0.087161	0.183999	-0.261252	1.000000
MARKER	0.408333	1.000000	1.000000	0.000000	1.000000	-0.088187	0.093944	0.061691	0.000000	-0.098077	-0.102620	0.016071	0.000000	0.054883	-0.032433	0.127844	0.000000	-0.212144	0.329025	-0.287308	1.000000
MARKER	0.408333	1.000000	1.000000	0.000000	1.000000	-0.001928	-0.142740	0.005445	-0.000000	-0.116473	-0.001582	-0.082702	-0.000000	0.082695	-0.005555	-0.116357	-0.000000	-0.345100	0.015805	0.000142	1.000000
MARKER	0.408333	1.000000	1.000000	0.000000	1.000000	-0.074736	-0.005410	0.121628	0.000000	0.115660	0.041414	0.072910	0.000000	-0.038021	0.136615	-0.017286	0.000000	0.140073	-0.400106	-0.156122	1.000000
MARKER	0.408333	1.000000	1.000000	0.000000	1.000000	-0.019502	-0.141319	-0.007525	-0.000000	-0.040284	0.012826	-0.136458	-0.000000	0.135665	-0.016507	-0.041601	-0.000000	0.014166	0.050659	0.085322	1.000000
MARKER	0.408333	1.000000	1.000000	0.000000	1.000000	0.095436	-0.079580	-0.070478	-0.000000	-0.075488	0.015950	-0.120230	-0.000000	0.074845	0.117562	-0.031396	-0.000000	-0.368225	-0.144646	-0.052327	1.000000
MARKER	0.408333	1.000000	1.000000	0.000000	1.000000	-0.111012	0.065277	0.061834	0.000000	0.089019	0.065961	0.090183	0.000000	0.012657	0.108610	-0.091934	-0.000000	0.040462	-0.376315	-0.123832	1.000000
MARKER	0.408333	1.000000	1.000000	0.000000	1.000000	0.018188	-0.132843	0.049297	-0.000000	-0.089206	-0.049351	-0.100075	-0.000000	0.110089	-0.018041	-0.089236	-0.000000	-0.253480	-0.090463	-0.066960	1.000000
MARKER	0.408333	1.000000	1.000000	0.000000	1.000000	0.030003	-0.039209	-0.134055	-0.000000	-0.048770	-0.131423	0.027524	0.000000	-0.130880	0.039984	-0.040987	0.000000	0.252934	-0.210958	0.458920	1.000000
MARKER	0.408333	1.000000	1.000000	0.000000	1.000000	0.068066	0.067601	-0.105855	-0.000000	0.119577	0.001957	0.078139	0.000000	0.038426	-0.125835	-0.055652	-0.000000	-0.353918	0.473887	0.350680	1.000000
MARKER	0.408333	1.000000	1.000000	0.000000	1.000000	-0.110756	-0.021743	0.087570	0.000000	0.079804	-0.088300	0.079010	-0.000000	0.042101	0.110175	0.080604	0.000000	-0.159301	-0.171201	-0.200179	1.000000
MARKER	0.408333	1.000000	1.000000	0.000000	1.000000	0.038577	0.087744	-0.105929	-0.000000	-0.130457	0.058211	0.000709	0.000000	0.043599	0.096543	0.095847	0.000000	-0.321643	-0.461178	-0.092822	1.000000
MARKER	0.408333	1.000000	1.000000	0.000000	1.000000	0.061052	0.099906	-0.081851	-0.000000	-0.061318	-0.057260	-0.115627	-0.000000	-0.113670	0.084548	0.018411	0.000000	0.148812	-0.160162	-0.099983	1.000000
MARKER	0.408333	1.000000	1.000000	0.000000	1.000000	0.030126	0.034501	-0.135315	-0.000000	-0.049668	-0.126729	-0.043370	-0.000000	-0.130513	0.056192	-0.014730	0.000000	0.245416	-0.194221	0.298259	1.000000
MARKER	0.408333	1.000000	1.000000	0.000000	1.000000	0.039401	-0.088981	0.104585	0.000000	-0.048670	-0.110791	-0.075925	-0.000000	0.128401	-0.014690	-0.060872	-0.000000	-0.166854	-0.233090	-0.046847	1.000000
MARKER	0.408333	1.000000	1.000000	0.000000	1.000000	0.136091	-0.037710	0.021572	-0.000000	-0.031882	-0.134876	-0.034642	-0.000000	0.029511	0.028187	-0.136904	-0.000000	0.118794	-0.208283	0.249827	1.000000
MARKER	0.408333	1.000000	1.000000	0.000000	1.000000	0.099941	0.083161	0.059196	0.000000	-0.047839	-0.035025	0.129972	0.000000	0.090174	-0.110750	0.003346	-0.000000	-0.053802	0.372623	-0.227138	1.000000
MARKER	0.408333	1.000000	1.000000	0.000000	1.000000	0.070665	0.090539	0.084954	0.000000	0.041205	0.075108	-0.114320	-0.000000	-0.117118	0.081053	0.011038	0.000000	0.015688	-0.419786	0.223883	1.000000
MARKER	0.408333	1.000000	1.000000	0.000000	1.000000	0.032742	-0.056845	-0.126904	-0.000000	0.119251	-0.055578	0.055663	-0.000000	-0.071521	-0.118692	0.034714	-0.000000	0.163710	0.351940	-0.370544	1.000000
MARKER	0.408333	1.000000	1.000000	0.000000	1.000000	-0.060807	-0.011245	-0.128780	-0.000000	-0.015806	-0.140601	0.019741	-0.000000	-0.128300	0.022651	0.058602	0.000000	0.345884	0.234887	-0.040549	1.000000
MARKER	0.408333	1.000000	1.000000	0.000000	1.000000	0.082112	0.105758	-0.049809	-0.000000	-0.116822	0.076465	-0.030230	0.000000	0.004281	0.058108	0.130435	0.000000	-0.322157	-0.463570	-0.169492	1.000000
MARKER	0.408333	1.000000	1.000000	0.000000	1.000000	-0.084266	0.032522	-0.110679	-0.000000	-0.029960	-0.138529	-0.017895	-0.000000	-0.111400	0.012656	0.088533	0.000000	0.173046	0.209067	0.294611	1.000000
MARKER	0.408333	1.000000	1.000000	0.000000	1.000000	-0.033996	-0.008418	0.138498	0.000000	0.123363	0.063438	0.034137	0.000000	-0.063514	0.127722	-0.007827	0.000000	0.400508	-0.292720	-0.439536	1.000000
MARKER	0.408333	1.000000	1.000000	0.000000	1.000000	0.091441	-0.065334	0.088194	-0.000000	-0.032910	-0.125830	-0.059093	-0.000000	0.104708	0.017507	-0.095593	-0.000000	-0.200129	-0.368540	-0.023410	1.000000
MARKER	0.408333	1.000000	1.000000	0.000000	1.000000	-0.104847	-0.013065	0.096149	0.000000	0.013621	-0.142136	-0.004461	-0.000000	0.096072	0.005894	0.105563	0.000000	0.047171	0.272857	-0.351272	1.000000
MARKER	0.408333	1.000000	1.000000	0.000000	1.000000	-0.134127	-0.021124	0.044405	0.000000	-0.014770	-0.105741	-0.094915	-0.000000	0.046903	-0.093706	0.097095	0.000000	-0.010271	0.128793	-0.126697	1.000000
MARKER	0.408333	1.000000	1.000000	0.000000	1.000000	0.127224	-0.028102	0.058588	-0.000000	0.009739	-0.119105	-0.078277	-0.000000	0.064245	0.073705	-0.104155	-0.000000	0.058819	-0.328658	0.125481	1.000000
MARKER	0.408333	1.000000	1.000000	0.000000	1.000000	0.017035	0.037488	-0.136794	-0.000000	-0.039277	-0.131143	-0.040831	-0.000000	-0.136291	0.042479	-0.005331	0.000000	0.425940	-0.064388	0.235765	1.000000
MARKER	0.408333	1.000000	1.000000	0.000000	1.000000	-0.038742	-0.123677	0.060093	0.000000	-0.059583	-0.041167	-0.123139	-0.000000	0.123923	-0.058459	-0.040419	-0.000000	-0.380641	0.113687	0.190838	1.000000
MARKER	0.408333	1.000000	1.000000	0.000000	1.000000	-0.004366	0.051001	-0.133372	-0.000000	0.035208	-0.128930	-0.050455	-0.000000	-0.138382	-0.034412	-0.008629	0.000000	0.265626	0.240487	0.271101	1.000000
MARKER	0.408333	1.000000	1.000000	0.000000	1.000000	-0.069442	-0.052259	-0.113380	-0.000000	0.006716	-0.131115	0.056320	-0.000000	-0.124663	0.022047	0.066191	0.000000	0.402321	0.378142	-0.041920	1.000000
MARKER	0.408333	1.000000	1.000000	0.000000	1.000000	0.017534	0.023378	-0.139836	-0.000000	-0.074003	-0.118675	-0.029119	-0.000000	-0.120931	0.076013	-0.002456	0.000000	0.419147	-0.427168	0.169708	1.000000
MARKER	0.408333	1.000000	1.000000	0.000000	1.000000	0.054706	0.091557	-0.095041	-0.000000	-0.128848	0.059294	-0.017046	0.000000	0.028522	0.092249	0.105285	0.000000	-0.432845	-0.463867	-0.139063	1.000000
MARKER	0.408333	1.000000	1.000000	0.000000	1.000000	0.073526	-0.001344	-0.122475	-0.000000	-0.029281	-0.138899	-0.016054	-0.000000	-0.118931	0.033366	-0.071765	0.000000	0.262753	-0.304024	0.352948	1.000000
MARKER	0.408333	1.000000	1.000000	0.000000	1.000000	0.133676	-0.037274	-0.033903	-0.000000	-0.043074	-0.134411	-0.022059	-0.000000	-0.026143	0.030864	-0.137011	-0.000000	0.128506	-0.273420	0.373611	1.000000
MARKER	0.408333	1.000000	1.000000	0.000000	1.000000	0.054832	0.067302	-0.113455	-0.000000	-0.110963	-0.042910	-0.079083	-0.000000	-0.071336	0.118479	0.035807	0.000000	0.149651	-0.042781	-0.049012	1.000000
MARKER	0.408333	1.000000	1.000000	0.000000	1.000000	-0.099572	0.052268	0.088100	0.000000	-0.027129	-0.131930	0.047610	0.000000	0.098781	0.016453	0.101881	0.000000	0.083414	-0.054742	-0.301549	1.000000
MARKER	0.408333	1.000000	1.000000	0.000000	1.000000	-0.037685	0.137539	-0.008431	0.000000	-0.000991	0.008470	0.142602	0.000000	0.137793	0.037677	-0.001280	-0.000000	0.068772	-0.204128	0.002562	1.000000
MARKER	0.408333	1.000000	1.000000	0.000000	1.000000	-0.087233	-0.065072	0.092543	0.000000	0.038445	-0.126956	-0.053030	-0.000000	0.106398	-0.007477	0.095035	0.000000	0.083526	0.338729	-0.451432	1.000000
MARKER	0.408333	1.000000	1.000000	0.000000	1.000000	-0.010660	-0.000852	-0.142456	-0.000000	0.061290	-0.128985	-0.003815	-0.000000	-0.128601	-0.061402	0.009991	0.000000	0.316924	0.303302	0.351182	1.000000
MARKER	0.408333	1.000000	1.000000	0.000000	1.000000	-0.110465	-0.012827	-0.089673	-0.000000	0.050877	-0.125791	-0.044680	-0.000000	-0.074948	-0.066485	0.101837	0.000000	0.231149	0.182592	-0.019211	1.000000
MARKER	0.408333	1.000000	1.000000	0.000000	1.000000	-0.029837	0.026795	-0.137113	-0.000000	0.015484	-0.138707	-0.030476	-0.000000	-0.138846	-0.021226	0.026066	0.000000	0.407496	0.212918	-0.127264	1.000000
MARKER	0.408333	1.000000	1.000000	0.000000	1.000000	-0.111201	0.039456	-0.080534	0.000000	0.012529	-0.120195	-0.076187	-0.000000	-0.088801	-0.066367	0.090100	0.000000	0.150632	0.119811	-0.097638	1.000000
MARKER	0.408333	1.000000	1.000000	0.000000	1.000000	-0.048087	0.133539	-0.016217	0.000000	-0.022199	0.009109	0.140828	0.000000	0.132676	0.049924	0.017685	-0.000000	-0.019797	-0.178114	-0.075282	1.000000
MARKER	0.408333	1.000000	1.000000	0.000000	1.000000	0.132330	0.006497	0.053430	-0.000000	0.044937	0.064716	-0.119166	-0.000000	-0.029624	0.127192	0.057904	0.000000	0.139021	-0.289906	-0.245257	1.000000
MARKER	0.408333	1.000000	1.000000	0.000000	1.000000	-0.107982	-0.036279	-0.086209	-0.000000	0.016247	-0.136947	0.037281	-0.000000	-0.092109	0.018375	0.107640	0.000000	0.423231	0.253653	-0.252160	1.000000
MARKER	0.408333	1.000000	1.000000	0.000000	1.000000	-0.059854	-0.060895	0.114532	0.000000	-0.110729	-0.041713	-0.080045	-0.000000	0.067563	-0.122311	-0.029723	-0.000000	0.086591	0.401650	0.179631	1.000000
MARKER	0.408333	1.000000	1.000000	0.000000	1.000000	0.035958	0.114122	-0.078047	-0.000000	0.128034	0.002948	0.063299	0.000000	0.052177	-0.085882	-0.101538	-0.000000	-0.340809	0.352204	0.411946	1.000000
MARKER	0.408333	1.000000	1.000000	0.000000	1.000000	0.091361	0.075809	-0.079463	-0.000000	-0.013978	-0.094497	-0.106222	-0.000000	-0.108931	0.075707	-0.053016	0.000000	0.339237	-0.175358	0.006782	1.000000
MARKER	0.408333	1.000000	1.000000	0.000000	1.000000	0.126464	-0.057585	-0.033149	-0.000000	-0.062596	-0.127157	-0.017915	-0.000000	-0.022285	0.030385	-0.137798	-0.000000	0.099679	-0.237042	0.392022	1.000000
MARKER	0.408333	1.000000	1.000000	0.000000	1.000000	-0.104784	0.071175	0.066050	0.000000	-0.061438	-0.123848	0.035990	0.000000	0.075192	-0.002007	0.121451	0.000000	-0.138561	0.395792	-0.261595	1.000000
MARKER	0.408333	1.000000	1.000000	0.000000	1.000000	-0.114580	-0.062122	0.058484	0.000000	-0.038276	0.124944	0.057725	0.000000	-0.076253	0.030629	-0.116857	-0.000000	0.364075	-0.256304	0.274724	1.000000
MARKER	0.408333	1.000000	1.000000	0.000000	1.000000	-0.102355	0.096095	0.026408	0.000000	-0.068189	-0.095138	0.081898	0.000000	0.072677	0.046074	0.114033	0.000000	0.018835	0.063409	-0.210129	1.000000
MARKER	0.408333	1.000000	1.000000	0.000000	1.000000	-0.026303	-0.139356	-0.017209	-0.000000	-0.086883	0.029907	-0.109385	-0.000000	0.110307	-0.009674	-0.090260	-0.000000	-0.363443	-0.164903	0.167971	1.000000
MARKER	0.408333	1.000000	1.000000	0.000000	1.000000	-0.099728	0.008720	0.101914	0.000000	0.023855	-0.136429	0.035016	-0.000000	0.099466	0.041463	0.093785	0.000000	0.049119	0.329341	-0.272235	1.000000
MARKER	0.408333	1.000000	1.000000	0.000000	1.000000	-0.052545	0.130140	0.026662	0.000000	-0.117941	-0.058896	0.055040	0.000000	0.061132	-0.001767	0.129104	0.000000	-0.184127	0.121631	-0.213196	1.000000
MARKER	0.408333	1.000000	1.000000	0.000000	1.000000	0.140334	0.026514	0.003398	-0.000000	-0.015669	0.096309	-0.104342	-0.000000	-0.021657	0.102127	0.097516	0.000000	-0.242237	-0.284067	-0.413113	1.000000
MARKER	0.408333	1.000000	1.000000	0.000000	1.000000	-0.026509	0.009135	-0.140079	-0.000000	-0.108845	-0.091359	0.014640	0.000000	-0.088646	0.109445	0.023913	0.000000	0.463957	-0.226060	0.195511	1.000000
MARKER	0.408333	1.000000	1.000000	0.000000	1.000000	0.123264	0.018879	0.069697	-0.000000	0.061400	0.045164	-0.120824	-0.000000	-0.038002	0.134209	0.030855	0.000000	0.161507	-0.311624	-0.307262	1.000000
MARKER	0.408333	1.000000	1.000000	0.000000	1.000000	-0.066050	-0.066751	-0.107656	-0.000000	0.018191	-0.125153	0.066439	0.000000	-0.125358	0.017010	0.066364	0.000000	0.442644	0.342359	0.036020	1.000000
MARKER	0.408333	1.000000	1.000000	0.000000	1.000000	-0.101211	0.099547	0.015966	0.000000	-0.072963	-0.056710	-0.108943	-0.000000	-0.069577	-0.085338	0.091020	0.000000	0.453429	0.360721	-0.191755	1.000000
MARKER	0.408333	1.000000	1.000000	0.000000	1.000000	0.090787	-0.107845	0.023137	-0.000000	-0.087253	-0.088552	-0.070383	-0.000000	0.067474	0.030598	-0.122144	-0.000000	0.001992	-0.123799	0.163177	1.000000
MARKER	0.408333	1.000000	1.000000	0.000000	1.000000	-0.002392	-0.140373	0.026419	-0.000000	-0.026100	-0.025548	-0.138110	-0.000000	0.140432	-0.007140	-0.025218	-0.000000	-0.397086	0.000650	0.170487	1.000000
MARKER	0.408333	1.000000	1.000000	0.000000	1.000000	-0.058864	-0.083899	0.099520	0.000000	-0.094674	-0.047363	-0.095926	-0.000000	0.089331	-0.105479	-0.036086	-0.000000	-0.355765	0.028512	0.246424	1.000000
MARKER	0.408333	1.000000	1.000000	0.000000	1.000000	-0.093814	0.009511	0.107316	0.000000	-0.003741	-0.142501	0.009359	-0.000000	0.107672	0.003336	0.093829	0.000000	0.125279	-0.054036	-0.389064	1.000000
MARKER	0.408333	1.000000	1.000000	0.000000	1.000000	-0.036213	0.066879	-0.120930	-0.000000	0.007543	-0.123870	-0.070764	-0.000000	-0.137985	-0.024323	0.027869	0.000000	0.246263	0.039050	0.269391	1.000000
MARKER	0.408333	1.000000	1.000000	0.000000	1.000000	0.014474	-0.121899	0.073071	0.000000	-0.075897	-0.068728	-0.099620	-0.000000	0.120159	-0.028728	-0.071726	-0.000000	-0.183584	-0.175529	0.060066	1.000000
MARKER	0.408333	1.000000	1.000000	0.000000	1.000000	0.050997	-0.074389	0.110787	0.000000	-0.070267	-0.115797	-0.045408	-0.000000	0.113447	-0.038283	-0.077926	-0.000000	-0.145678	-0.105153	0.213873	1.000000
MARKER	0.408333	1.000000	1.000000	0.000000	1.000000	0.131178	0.051308	-0.023834	-0.000000	-0.045562	0.060135	-0.121310	-0.000000	-0.033536	0.118994	0.071582	0.000000	-0.431353	-0.362798	-0.472357	1.000000
MARKER	0.408333	1.000000	1.000000	0.000000	1.000000	-0.121309	-0.037945	0.065211	0.000000	-0.011413	0.131283	0.055160	0.000000	-0.074579	0.041630	-0.114513	-0.000000	0.448529	-0.242705	0.088183	1.000000
MARKER	0.408333	1.000000	1.000000	0.000000	1.000000	0.058072	0.052850	0.119343	0.000000	0.076004	-0.119884	0.016106	-0.000000	0.106109	0.056947	-0.076851	-0.000000	-0.442099	0.121702	-0.167333	1.000000
MARKER	0.408333	1.000000	1.000000	0.000000	1.000000	0.044837	-0.008515	-0.135371	-0.000000	-0.031767	0.137951	-0.019199	0.000000	0.131866	0.036128	0.041403	0.000000	-0.409724	-0.174250	-0.331017	1.000000
MARKER	0.408333	1.000000	1.000000	0.000000	1.000000	-0.091916	0.108566	-0.013151	0.000000	-0.064223	-0.067492	-0.108298	-0.000000	-0.088515	-0.063769	0.092232	0.000000	0.020529	0.220477	-0.148330	1.000000
MARKER	0.408333	1.000000	1.000000	0.000000	1.000000	-0.094724	0.105644	0.016580	0.000000	-0.100124	-0.095396	0.035818	0.000000	0.037559	0.012129	0.137297	0.000000	-0.117681	-0.196209	-0.304501	1.000000
MARKER	0.408333	1.000000	1.000000	0.000000	1.000000	0.078898	-0.059823	0.102978	0.000000	-0.070595	-0.122977	-0.017354	-0.000000	0.095915	-0.041304	-0.097481	-0.000000	-0.105995	0.002988	0.388163	1.000000
MARKER	0.408333	1.000000	1.000000	0.000000	1.000000	0.036254	-0.111524	-0.081586	-0.000000	-0.129592	-0.056714	0.019940	0.000000	-0.047956	0.068950	-0.115561	-0.000000	0.220573	0.424768	0.141679	1.000000
MARKER	0.408333	1.000000	1.000000	0.000000	1.000000	0.132066	-0.045573	-0.029829	-0.000000	-0.054445	-0.108230	-0.075698	-0.000000	0.001550	0.081349	-0.117423	-0.000000	0.077608	-0.143827	0.132891	1.000000
MARKER	0.408333	1.000000	1.000000	0.000000	1.000000	-0.031074	-0.080256	0.114024	0.000000	0.045812	-0.116212	-0.069312	-0.000000	0.131696	0.021489	0.051015	0.000000	-0.332580	0.216178	-0.450548	1.000000
MARKER	0.408333	1.000000	1.000000	0.000000	1.000000	-0.098473	-0.005370	0.103355	0.000000	0.017806	-0.141416	0.009617	-0.000000	0.101952	0.019512	0.098150	0.000000	0.009582	0.367142	-0.320429	1.000000
MARKER	0.408333	1.000000	1.000000	0.000000	1.000000	-0.060089	0.116953	0.055852	0.000000	-0.120504	-0.073078	0.023379	0.000000	0.047711	-0.037278	0.129392	0.000000	-0.210122	-0.057273	-0.289169	1.000000
MARKER	0.408333	1.000000	1.000000	0.000000	1.000000	-0.065288	0.046381	0.118298	0.000000	0.119765	0.066895	0.039870	0.000000	-0.042451	0.117397	-0.069455	0.000000	0.230040	-0.359951	-0.380302	1.000000
MARKER	0.408333	1.000000	1.000000	0.000000	1.000000	-0.059309	0.125504	0.033754	0.000000	-0.108833	-0.068242	0.062503	0.000000	0.071034	0.000234	0.123944	0.000000	-0.152083	0.034258	-0.200882	1.000000
MARKER	0.408333	1.000000	1.000000	0.000000	1.000000	-0.087629	0.103138	0.045737	0.000000	0.091852	0.031587	0.104755	0.000000	0.065516	0.093665	-0.085690	-0.000000	0.069621	-0.306329	-0.055409	1.000000
MARKER	0.408333	1.000000	1.000000	0.000000	1.000000	-0.059411	-0.012528	-0.129312	-0.000000	-0.016325	-0.140345	0.021097	-0.000000	-0.128888	0.023550	0.056935	0.000000	0.343307	0.301547	-0.059760	1.000000
MARKER	0.408333	1.000000	1.000000	0.000000	1.000000	-0.086975	0.107180	0.036823	0.000000	-0.098909	-0.094448	0.041289	0.000000	0.055322	-0.000357	0.131710	0.000000	-0.264712	0.228200	-0.164960	1.000000
MARKER	0.408333	1.000000	1.000000	0.000000	1.000000	0.136927	0.040724	0.000784	-0.000000	-0.025505	0.087868	-0.109712	-0.000000	-0.031758	0.105018	0.091492	0.000000	-0.313169	-0.314506	-0.419748	1.000000
MARKER	0.408333	1.000000	1.000000	0.000000	1.000000	0.092425	-0.104730	-0.029957	-0.000000	-0.078550	-0.036860	-0.113487	-0.000000	0.075469	0.089896	-0.081433	-0.000000	-0.071254	-0.169909	0.071704	1.000000
MARKER	0.408333	1.000000	1.000000	0.000000	1.000000	-0.073681	0.001471	0.122381	0.000000	0.089155	0.098509	0.052493	0.000000	-0.083849	0.103450	-0.051726	0.000000	0.104294	-0.388755	0.058941	1.000000
MARKER	0.408333	1.000000	1.000000	0.000000	1.000000	0.134231	0.009340	0.047988	-0.000000	-0.009532	-0.132535	0.052457	0.000000	0.047950	-0.052492	-0.123909	-0.000000	-0.045047	-0.313144	0.461671	1.000000
MARKER	0.408333	1.000000	1.000000	0.000000	1.000000	-0.025091	-0.105013	0.093546	0.000000	-0.110028	-0.044524	-0.079495	-0.000000	0.087592	-0.086011	-0.073061	-0.000000	-0.128779	0.323803	0.217306	1.000000
MARKER	0.408333	1.000000	1.000000	0.000000	1.000000	-0.108239	0.017371	0.091601	0.000000	0.017267	-0.134193	0.045851	-0.000000	0.091621	0.045812	0.099574	0.000000	0.153741	0.220316	-0.362683	1.000000
MARKER	0.408333	1.000000	1.000000	0.000000	1.000000	-0.091603	-0.019661	0.107845	0.000000	0.100978	0.039570	0.092983	0.000000	-0.042669	0.135852	-0.011476	0.000000	0.461488	-0.336178	-0.247660	1.000000
MARKER	0.408333	1.000000	1.000000	0.000000	1.000000	0.053544	-0.129941	0.025624	-0.000000	-0.043958	-0.043507	-0.128775	-0.000000	0.124936	0.040381	-0.056290	-0.000000	-0.372217	0.046136	0.118569	1.000000
MARKER	0.408333	1.000000	1.000000	0.000000	1.000000	0.006796	0.105080	0.096541	0.000000	-0.140196	0.022926	-0.015085	0.000000	-0.026590	-0.094025	0.104213	0.000000	0.257062	0.381291	-0.083927	1.000000
MARKER	0.408333	1.000000	1.000000	0.000000	1.000000	0.004348	0.014671	-0.142035	-0.000000	-0.089493	-0.110449	-0.014148	0.000000	-0.111267	0.089408	0.005829	0.000000	0.370074	-0.437190	0.340875	1.000000
MARKER	0.408333	1.000000	1.000000	0.000000	1.000000	-0.082647	0.018554	-0.115037	-0.000000	-0.015784	-0.141517	-0.011485	-0.000000	-0.115449	0.006066	0.083922	0.000000	0.379458	-0.115376	-0.175445	1.000000
MARKER	0.408333	1.000000	1.000000	0.000000	1.000000	0.134145	0.000624	0.049120	-0.000000	-0.010554	-0.139144	0.030589	-0.000000	0.047977	-0.032353	-0.130613	-0.000000	-0.067252	-0.421935	0.433620	1.000000
MARKER	0.408333	1.000000	1.000000	0.000000	1.000000	0.116466	0.065367	-0.050705	-0.000000	-0.024476	-0.056412	-0.128945	-0.000000	-0.079023	0.113811	-0.034791	0.000000	0.240394	-0.119116	-0.142137	1.000000
MARKER	0.408333	1.000000	1.000000	0.000000	1.000000	0.018877	-0.140977	-0.013318	-0.000000	-0.118877	-0.008477	-0.078769	-0.000000	0.076942	0.021491	-0.118433	-0.000000	-0.439532	-0.378812	0.297078	1.000000
MARKER	0.408333	1.000000	1.000000	0.000000	1.000000	-0.021553	-0.136925	-0.034570	-0.000000	0.140201	-0.016549	-0.021864	-0.000000	0.016951	-0.037226	0.136876	0.000000	0.031936	-0.090569	0.093363	1.000000
MARKER	0.408333	1.000000	1.000000	0.000000	1.000000	0.055940	-0.130647	0.014503	-0.000000	-0.108151	-0.054703	-0.075625	-0.000000	0.074714	0.018633	-0.120328	-0.000000	-0.469921	-0.461743	0.104492	1.000000
MARKER	0.408333	1.000000	1.000000	0.000000	1.000000	-0.072194	-0.017989	0.121953	0.000000	0.109190	0.056265	0.072938	0.000000	-0.057217	0.130072	-0.014684	0.000000	0.060108	-0.393322	-0.173863	1.000000
MARKER	0.408333	1.000000	1.000000	0.000000	1.000000	-0.099140	0.101338	0.017606	0.000000	-0.076398	-0.088924	0.081633	0.000000	0.068867	0.047236	0.115906	0.000000	-0.019784	0.128959	-0.223546	1.000000
MARKER	0.408333	1.000000	1.000000	0.000000	1.000000	0.101251	-0.100663	0.004849	-0.000000	0.099404	0.100885	0.018685	-0.000000	-0.016590	-0.009869	0.141547	0.000000	0.242694	-0.145515	-0.346901	1.000000
MARKER	0.408333	1.000000	1.000000	0.000000	1.000000	0.136509	0.041447	0.007466	-0.000000	0.008086	-0.000942	-0.142625	-0.000000	-0.041330	0.136709	-0.003246	0.000000	0.429616	0.049773	-0.075096	1.000000
MARKER	0.408333	1.000000	1.000000	0.000000	1.000000	-0.054559	-0.085516	0.100590	0.000000	-0.077788	0.108764	0.050274	0.000000	-0.106679	-0.035573	-0.088104	-0.000000	0.056464	0.139708	0.010830	1.000000
MARKER	0.408333	1.000000	1.000000	0.000000	1.000000	-0.018602	-0.122384	0.071304	0.000000	0.028213	-0.073676	-0.119097	-0.000000	0.138803	-0.001426	0.033763	-0.000000	-0.461777	0.438356	-0.338259	1.000000
MARKER	0.408333	1.000000	1.000000	0.000000	1.000000	-0.085635	-0.061054	0.096681	0.000000	0.028739	-0.128403	-0.055632	-0.000000	0.110675	-0.013899	0.089253	0.000000	0.004973	0.406945	-0.405626	1.000000
MARKER	0.408333	1.000000	1.000000	0.000000	1.000000	0.131121	-0.053579	-0.018568	-0.000000	0.056517	0.127283	0.031828	0.000000	0.004606	-0.036559	0.138023	0.000000	0.077693	-0.196354	-0.378630	1.000000
MARKER	0.408333	1.000000	1.000000	0.000000	1.000000	0.098097	-0.100896	0.024599	-0.000000	-0.058385	-0.081565	-0.101718	-0.000000	0.085886	0.059794	-0.097244	-0.000000	0.131935	-0.074813	0.121286	1.000000
MARKER	0.408333	1.000000	1.000000	0.000000	1.000000	0.055003	-0.078732	0.105755	0.000000	-0.111397	-0.089045	-0.008355	0.000000	0.070524	-0.079249	-0.095678	-0.000000	-0.265826	0.083134	0.343111	1.000000
MARKER	0.408333	1.000000	1.000000	0.000000	1.000000	-0.103719	-0.015991	-0.096927	-0.000000	-0.007818	-0.139161	0.031324	-0.000000	-0.097926	0.028047	0.100160	0.000000	0.384010	0.224147	-0.238894	1.000000
MARKER	0.408333	1.000000	1.000000	0.000000	1.000000	0.088536	0.043492	-0.103334	-0.000000	-0.037379	-0.112685	-0.079454	-0.000000	-0.105699	0.076280	-0.058457	0.000000	0.367392	-0.458608	0.030779	1.000000
MARKER	0.408333	1.000000	1.000000	0.000000	1.000000	-0.084217	-0.027731	0.112012	0.000000	0.089891	0.071184	0.085209	0.000000	-0.072355	0.120714	-0.024515	0.000000	0.331544	-0.305878	-0.379509	1.000000
MARKER	0.408333	1.000000	1.000000	0.000000	1.000000	-0.098179	0.090952	0.049968	0.000000	-0.098579	-0.103232	-0.005790	0.000000	0.032422	-0.038460	0.133708	0.000000	-0.119770	-0.205823	-0.414807	1.000000
MARKER	0.408333	1.000000	1.000000	0.000000	1.000000	0.116921	0.067274	-0.047031	-0.000000	-0.079050	0.114331	-0.032980	0.000000	0.022109	0.053017	0.130800	0.000000	-0.443199	-0.291033	-0.218042	1.000000
MARKER	0.408333	1.000000	1.000000	0.000000	1.000000	0.034984	0.052345	0.128235	0.000000	0.036939	-0.130998	0.043395	-0.000000	0.133491	0.022532	-0.045615	-0.000000	-0.471367	-0.120171	-0.197450	1.000000
MARKER	0.408333	1.000000	1.000000	0.000000	1.000000	-0.042291	0.012354	0.135893	0.000000	0.092127	0.107535	0.018895	0.000000	-0.100659	0.093229	-0.039802	0.000000	0.429700	-0.433872	-0.252470	1.000000
MARKER	0.408333	1.000000	1.000000	0.000000	1.000000	0.026669	-0.058513	0.127567	0.000000	-0.139126	-0.028106	0.016194	0.000000	0.018465	-0.127258	-0.062231	-0.000000	-0.087256	0.397173	0.382969	1.000000
MARKER	0.408333	1.000000	1.000000	0.000000	1.000000	0.078469	0.026064	-0.116497	-0.000000	-0.065460	-0.107188	-0.068073	-0.000000	-0.099829	0.090772	-0.046933	0.000000	0.335965	-0.425888	0.063293	1.000000
MARKER	0.408333	1.000000	1.000000	0.000000	1.000000	-0.036340	0.001299	-0.138152	-0.000000	0.059600	-0.128727	-0.016888	-0.000000	-0.124641	-0.061933	0.032204	0.000000	0.463049	-0.057768	0.115515	1.000000
MARKER	0.408333	1.000000	1.000000	0.000000	1.000000	0.007994	0.005119	-0.142541	-0.000000	0.052640	0.132581	0.007713	0.000000	0.132564	-0.052955	0.005533	-0.000000	-0.083872	-0.258634	0.316090	1.000000
MARKER	0.408333	1.000000	1.000000	0.000000	1.000000	0.088196	0.086663	-0.071547	-0.000000	-0.026837	-0.072077	-0.120386	-0.000000	-0.109130	0.087764	-0.028218	0.000000	0.317971	-0.117315	0.016313	1.000000
MARKER	0.408333	1.000000	1.000000	0.000000	1.000000	-0.065164	0.053351	-0.115393	-0.000000	-0.044208	-0.131086	-0.035641	-0.000000	-0.119195	0.019452	0.076305	0.000000	0.309170	-0.133581	-0.224928	1.000000
MARKER	0.408333	1.000000	1.000000	0.000000	1.000000	-0.019147	-0.133140	-0.048118	-0.000000	-0.123503	0.039444	-0.059995	0.000000	0.069200	0.033558	-0.120389	-0.000000	-0.320440	-0.277801	0.421372	1.000000
MARKER	0.408333	1.000000	1.000000	0.000000	1.000000	0.140917	-0.022850	-0.005342	-0.000000	-0.019815	-0.098443	-0.101610	-0.000000	0.012571	0.100970	-0.100275	-0.000000	0.283557	-0.370323	0.056175	1.000000
MARKER	0.408333	1.000000	1.000000	0.000000	1.000000	0.036986	0.082228	0.110810	0.000000	0.063498	-0.111995	0.061913	-0.000000	0.122508	0.033224	-0.065545	-0.000000	-0.410181	-0.019656	-0.106577	1.000000
MARKER	0.408333	1.000000	1.000000	0.000000	1.000000	0.017148	-0.008597	0.141563	0.000000	-0.066480	-0.126446	0.000374	-0.000000	0.125278	-0.065923	-0.019178	-0.000000	-0.057383	0.138180	0.323212	1.000000
MARKER	0.408333	1.000000	1.000000	0.000000	1.000000	-0.098863	-0.002818	0.103084	0.000000	0.025879	-0.138912	0.021022	-0.000000	0.099822	0.033222	0.096644	0.000000	0.173598	0.165897	-0.407055	1.000000
MARKER	0.408333	1.000000	1.000000	0.000000	1.000000	0.041365	-0.085628	0.106607	0.000000	-0.064588	-0.110405	-0.063617	-0.000000	0.120522	-0.029778	-0.070682	-0.000000	-0.242772	-0.281904	-0.064419	1.000000
MARKER	0.408333	1.000000	1.000000	0.000000	1.000000	-0.084276	0.115336	-0.001802	0.000000	0.080788	0.060610	0.101034	0.000000	0.082335	0.058584	-0.100980	-0.000000	0.065334	-0.249081	-0.062506	1.000000
MARKER	0.408333	1.000000	1.000000	0.000000	1.000000	-0.045408	0.046047	0.127381	0.000000	0.133385	0.038561	0.033609	-0.000000	-0.023550	0.129618	-0.055251	0.000000	0.271977	-0.422416	-0.394950	1.000000
MARKER	0.408333	1.000000	1.000000	0.000000	1.000000	0.107102	0.046956	-0.082052	-0.000000	0.091578	-0.020750	0.107662	0.000000	0.023469	-0.133314	-0.045658	-0.000000	-0.451035	0.477016	0.378307	1.000000
MARKER	0.408333	1.000000	1.000000	0.000000	1.000000	0.109330	-0.089639	-0.020492	-0.000000	0.091871	0.105160	0.030152	0.000000	-0.003835	-0.036254	0.138127	0.000000	0.145160	-0.204590	-0.344654	1.000000
MARKER	0.408333	1.000000	1.000000	0.000000	1.000000	0.101432	-0.080922	-0.059760	-0.000000	-0.095808	-0.051837	-0.092423	-0.000000	0.030669	0.105701	-0.091076	-0.000000	-0.139667	-0.147948	0.168399	1.000000
MARKER	0.408333	1.000000	1.000000	0.000000	1.000000	-0.104411	-0.032339	-0.091982	-0.000000	0.007888	-0.137130	0.039258	-0.000000	-0.097182	0.023614	0.102011	0.000000	0.454027	0.084162	-0.120102	1.000000
MARKER	0.408333	1.000000	1.000000	0.000000	1.000000	0.024578	-0.120640	0.072458	0.000000	-0.075953	-0.073293	-0.096267	-0.000000	0.118470	-0.021962	-0.076751	-0.000000	-0.267372	-0.185947	-0.133762	1.000000
MARKER	0.408333	1.000000	1.000000	0.000000	1.000000	-0.129630	-0.055101	0.023834	0.000000	-0.043882	0.125671	0.051860	0.000000	-0.040969	0.039737	-0.130961	-0.000000	0.399035	-0.224915	0.085645	1.000000
MARKER	0.408333	1.000000	1.000000	0.000000	1.000000	0.119130	0.002977	0.078787	-0.000000	0.049899	0.107679	-0.079519	-0.000000	-0.061044	0.093832	0.088755	0.000000	0.216098	-0.245162	-0.060124	1.000000
MARKER	0.408333	1.000000	1.000000	0.000000	1.000000	-0.030737	0.139271	-0.008177	0.000000	-0.123390	-0.023232	0.068142	0.000000	0.065102	0.021724	0.125291	0.000000	-0.195391	0.212484	-0.159900	1.000000
MARKER	0.408333	1.000000	1.000000	0.000000	1.000000	-0.043011	-0.043227	-0.129188	-0.000000	-0.098118	-0.084151	0.060824	0.000000	-0.094504	0.107043	-0.004354	0.000000	0.460133	-0.200169	0.252562	1.000000
MARKER	0.408333	1.000000	1.000000	0.000000	1.000000	-0.041191	0.000671	-0.136788	-0.000000	-0.105939	-0.090529	0.031457	0.000000	-0.086536	0.110509	0.026600	0.000000	0.310639	-0.332489	0.256322	1.000000
MARKER	0.408333	1.000000	1.000000	0.000000	1.000000	0.017470	-0.069859	-0.123380	-0.000000	0.132282	-0.036714	0.039518	-0.000000	-0.051033	-0.119080	0.060198	0.000000	0.238331	0.413709	-0.361041	1.000000
MARKER	0.408333	1.000000	1.000000	0.000000	1.000000	-0.095253	0.010949	0.105902	0.000000	0.105657	0.027209	0.092219	0.000000	-0.013102	0.139814	-0.026241	0.000000	-0.156467	-0.466361	0.046528	1.000000
MARKER	0.408333	1.000000	1.000000	0.000000	1.000000	0.061349	0.074830	-0.105095	-0.000000	0.122137	0.003797	0.074001	0.000000	0.041556	-0.121632	-0.062346	-0.000000	-0.307168	0.443252	0.349255	1.000000
MARKER	0.408333	1.000000	1.000000	0.000000	1.000000	-0.104171	-0.005445	0.097606	0.000000	-0.020140	-0.138380	-0.029215	-0.000000	0.095660	-0.035064	0.100139	0.000000	-0.098507	0.423640	-0.370636	1.000000
MARKER	0.408333	1.000000	1.000000	0.000000	1.000000	0.139578	-0.009514	-0.028910	-0.000000	-0.017774	0.084670	-0.113681	-0.000000	0.024705	0.114668	0.081542	0.000000	-0.359985	-0.295957	-0.423871	1.000000
MARKER	0.408333	1.000000	1.000000	0.000000	1.000000	-0.020344	-0.054381	0.130526	0.000000	0.135755	-0.044403	0.002660	-0.000000	0.039557	0.124416	0.058001	0.000000	-0.105828	-0.248842	-0.251990	1.000000
MARKER	0.408333	1.000000	1.000000	0.000000	1.000000	-0.133429	0.024303	-0.044882	0.000000	-0.022206	-0.140752	-0.010201	-0.000000	-0.045955	-0.002551	0.135240	0.000000	0.224466	0.106041	-0.450391	1.000000
MARKER	0.408333	1.000000	1.000000	0.000000	1.000000	0.021489	-0.126609	0.062582	-0.000000	-0.133656	-0.038684	-0.032367	0.000000	0.045633	-0.053682	-0.124274	-0.000000	-0.447088	-0.328946	0.446401	1.000000
MARKER	0.408333	1.000000	1.000000	0.000000	1.000000	0.042782	-0.102805	-0.089493	-0.000000	0.113110	-0.025558	0.083432	0.000000	-0.076052	-0.095844	0.073744	0.000000	0.128372	0.459386	-0.342288	1.000000
MARKER	0.408333	1.000000	1.000000	0.000000	1.000000	0.028845	-0.090159	0.106993	0.000000	-0.091961	-0.094549	-0.054881	-0.000000	0.105448	-0.057793	-0.077128	-0.000000	-0.092650	0.207868	0.459862	1.000000
MARKER	0.408333	1.000000	1.000000	0.000000	1.000000	0.060430	-0.032143	-0.125392	-0.000000	-0.067339	-0.125990	-0.000157	-0.000000	-0.110552	0.059173	-0.068446	0.000000	0.191356	-0.205486	0.379432	1.000000
MARKER	0.408333	1.000000	1.000000	0.000000	1.000000	0.126200	-0.021011	0.063564	-0.000000	-0.025551	-0.140488	0.004292	-0.000000	0.061878	-0.015161	-0.127865	-0.000000	-0.107306	-0.440909	0.353889	1.000000
MARKER	0.408333	1.000000	1.000000	0.000000	1.000000	-0.083260	-0.090175	0.073105	0.000000	0.051815	0.051636	0.122707	0.000000	-0.103880	0.098032	0.002612	0.000000	0.306951	-0.287644	-0.284163	1.000000
MARKER	0.408333	1.000000	1.000000	0.000000	1.000000	0.061642	-0.089207	0.093009	0.000000	-0.084324	-0.105886	-0.045671	-0.000000	0.097457	-0.035193	-0.098345	-0.000000	-0.112529	0.070947	0.265683	1.000000
MARKER	0.408333	1.000000	1.000000	0.000000	1.000000	-0.089864	0.071300	0.085140	0.000000	0.110360	0.045133	0.078688	0.000000	0.012375	0.115271	-0.083472	-0.000000	-0.031220	-0.465134	-0.102281	1.000000
MARKER	0.408333	1.000000	1.000000	0.000000	1.000000	-0.128014	0.020145	-0.060123	0.000000	-0.038422	-0.132400	0.037446	0.000000	-0.050442	0.049726	0.124061	0.000000	0.345903	0.073492	-0.133609	1.000000
MARKER	0.408333	1.000000	1.000000	0.000000	1.000000	-0.041367	0.135589	-0.017678	0.000000	-0.133458	-0.036016	0.036057	0.000000	0.029766	0.026956	0.137097	0.000000	-0.321460	0.351642	-0.204903	1.000000
MARKER	0.408333	1.000000	1.000000	0.000000	1.000000	-0.028559	0.036011	-0.135262	-0.000000	0.046178	-0.127896	-0.043800	-0.000000	-0.132137	-0.052479	0.013927	0.000000	0.324601	0.094299	0.330099	1.000000
MARKER	0.408333	1.000000	1.000000	0.000000	1.000000	0.087621	-0.109817	0.025902	-0.000000	-0.094367	-0.089303	-0.059397	-0.000000	0.061852	0.019321	-0.127315	-0.000000	0.039807	-0.078605	0.242790	1.000000
MARKER	0.408333	1.000000	1.000000	0.000000	1.000000	-0.004607	-0.101205	0.100720	0.000000	-0.109531	-0.062141	-0.067451	-0.000000	0.091597	-0.079399	-0.075591	-0.000000	-0.222530	0.250597	0.127615	1.000000
MARKER	0.408333	1.000000	1.000000	0.000000	1.000000	-0.047726	0.126298	0.046682	0.000000	-0.122431	-0.020089	-0.070818	-0.000000	-0.056044	-0.063666	0.114951	0.000000	0.349057	0.317464	-0.181668	1.000000
MARKER	0.408333	1.000000	1.000000	0.000000	1.000000	-0.073226	0.109376	0.055524	0.000000	-0.097810	-0.091088	0.050440	0.000000	0.074022	-0.012161	0.121577	0.000000	-0.091468	-0.025817	-0.259631	1.000000
MARKER	0.408333	1.000000	1.000000	0.000000	1.000000	-0.084299	-0.113532	0.020305	0.000000	-0.045582	0.009693	-0.135043	-0.000000	0.105944	-0.086167	-0.041945	-0.000000	-0.362310	0.186804	0.113329	1.000000
MARKER	0.408333	1.000000	1.000000	0.000000	1.000000	0.084871	-0.037495	-0.108624	-0.000000	-0.109063	0.016255	-0.090825	-0.000000	0.036199	0.136887	-0.018969	0.000000	-0.385680	-0.340586	0.126599	1.000000
MARKER	0.408333	1.000000	1.000000	0.000000	1.000000	-0.022376	-0.139608	-0.020424	-0.000000	-0.106745	0.030273	-0.089984	-0.000000	0.092265	0.001167	-0.109059	-0.000000	-0.265924	0.091090	0.063093	1.000000
MARKER	0.408333	1.000000	1.000000	0.000000	1.000000	-0.134717	0.015478	0.044943	0.000000	-0.034806	-0.124111	-0.061588	-0.000000	0.032373	-0.069029	0.120811	0.000000	-0.063767	0.072412	-0.044011	1.000000
MARKER	0.408333	1.000000	1.000000	0.000000	1.000000	0.086592	0.086004	-0.074252	-0.000000	0.016881	-0.102059	-0.098525	-0.000000	-0.112361	0.050945	-0.072025	0.000000	0.429101	-0.224156	-0.047308	1.000000
MARKER	0.408333	1.000000	1.000000	0.000000	1.000000	-0.003878	-0.111969	0.088634	0.000000	-0.125406	-0.039744	-0.055695	0.000000	0.068312	-0.079319	-0.097212	-0.000000	-0.203427	0.332970	0.224474	1.000000
MARKER	0.408333	1.000000	1.000000	0.000000	1.000000	-0.090913	0.063625	0.089971	0.000000	-0.050902	-0.127696	0.038869	0.000000	0.097735	-0.007322	0.103935	0.000000	0.025764	-0.064554	-0.333861	1.000000
MARKER	0.408333	1.000000	1.000000	0.000000	1.000000	-0.042138	-0.024227	0.134334	0.000000	0.113694	0.071572	0.048571	0.000000	-0.075539	0.121238	-0.001830	0.000000	0.154248	-0.384580	-0.332384	1.000000
MARKER	0.408333	1.000000	1.000000	0.000000	1.000000	-0.084153	0.039299	-0.108545	-0.000000	-0.004275	-0.135293	-0.045669	-0.000000	-0.115361	-0.023654	0.080873	0.000000	0.418154	-0.150071	-0.275237	1.000000
MARKER	0.408333	1.000000	1.000000	0.000000	1.000000	-0.036509	0.136638	-0.020129	0.000000	-0.126476	-0.024712	0.061654	0.000000	0.055488	0.033577	0.127286	0.000000	-0.160443	0.241310	-0.213730	1.000000
MARKER	0.408333	1.000000	1.000000	0.000000	1.000000	-0.025834	-0.025403	0.138186	0.000000	-0.124026	-0.061895	-0.034565	0.000000	0.066018	-0.126221	-0.010862	-0.000000	0.018501	0.316022	0.232138	1.000000
MARKER	0.408333	1.000000	1.000000	0.000000	1.000000	-0.093310	-0.007465	0.107915	0.000000	-0.006087	-0.141928	-0.015081	-0.000000	0.108002	-0.014449	0.092385	0.000000	0.129362	-0.088089	-0.469108	1.000000
MARKER	0.408333	1.000000	1.000000	0.000000	1.000000	-0.095619	0.081601	-0.067871	0.000000	-0.007429	-0.096273	-0.105283	-0.000000	-0.105877	-0.066940	0.068682	0.000000	0.117643	0.059358	-0.223600	1.000000
MARKER	0.408333	1.000000	1.000000	0.000000	1.000000	-0.004521	-0.141783	0.016894	-0.000000	-0.112042	-0.006955	-0.088354	-0.000000	0.088512	-0.016046	-0.110979	-0.000000	-0.271548	-0.031326	0.057129	1.000000
MARKER	0.408333	1.000000	1.000000	0.000000	1.000000	0.079272	-0.060387	0.102360	0.000000	-0.102940	-0.096378	0.022863	0.000000	0.059392	-0.086446	-0.096994	-0.000000	-0.262977	0.052726	0.419847	1.000000
MARKER	0.408333	1.000000	1.000000	0.000000	1.000000	-0.095065	0.055306	-0.091171	-0.000000	-0.052145	-0.130652	-0.024883	-0.000000	-0.093015	0.016720	0.107130	0.000000	0.304016	-0.011495	-0.244643	1.000000
MARKER	0.408333	1.000000	1.000000	0.000000	1.000000	-0.084284	0.053630	0.102119	0.000000	-0.070115	-0.124248	0.007382	0.000000	0.091588	-0.045765	0.099626	0.000000	-0.147115	0.287657	-0.317155	1.000000
MARKER	0.408333	1.000000	1.000000	0.000000	1.000000	-0.068905	-0.101373	0.073374	0.000000	-0.104039	0.092953	0.030721	0.000000	-0.069542	-0.038619	-0.118662	-0.000000	0.048665	0.032697	-0.046345	1.000000
MARKER	0.408333	1.000000	1.000000	0.000000	1.000000	-0.097028	-0.081903	0.065465	0.000000	0.071755	-0.116904	-0.039909	-0.000000	0.076452	0.005776	0.120540	0.000000	-0.257999	0.255825	-0.410693	1.000000
MARKER	0.408333	1.000000	1.000000	0.000000	1.000000	0.014086	-0.133762	0.048140	-0.000000	-0.134980	-0.027765	-0.037653	0.000000	0.044613	-0.041773	-0.129124	-0.000000	-0.271055	0.249989	0.331052	1.000000
MARKER	0.408333	1.000000	1.000000	0.000000	1.000000	-0.051872	-0.085204	0.102264	0.000000	0.027341	-0.114234	-0.081309	-0.000000	0.130269	-0.009951	0.057786	-0.000000	-0.414876	0.316074	-0.312930	1.000000
MARKER	0.408333	1.000000	1.000000	0.000000	1.000000	-0.054291	0.012710	0.131526	0.000000	0.128661	0.037492	0.049486	0.000000	-0.030115	0.137262	-0.025696	0.000000	0.256076	-0.462338	-0.245252	1.000000
MARKER	0.408333	1.000000	1.000000	0.000000	1.000000	-0.130627	-0.005083	-0.057609	0.000000	-0.009434	-0.138525	0.033614	-0.000000	-0.057059	0.034540	0.126331	0.000000	0.290575	0.255281	-0.429590	1.000000
MARKER	0.408333	1.000000	1.000000	0.000000	1.000000	0.094966	-0.104997	-0.019110	-0.000000	-0.082174	-0.055619	-0.102772	-0.000000	0.068095	0.079311	-0.097370	-0.000000	-0.027383	-0.152190	0.345553	1.000000
MARKER	0.408333	1.000000	1.000000	0.000000	1.000000	-0.056447	-0.130864	0.009824	-0.000000	-0.042549	0.008134	-0.136131	-0.000000	0.124143	-0.056715	-0.042191	-0.000000	-0.426013	0.101059	0.120547	1.000000
MARKER	0.408333	1.000000	1.000000	0.000000	1.000000	-0.110675	0.024215	-0.087021	-0.000000	0.058510	-0.085634	-0.098243	-0.000000	-0.068817	-0.111753	0.056425	0.000000	0.013916	0.334222	0.003421	1.000000
MARKER	0.408333	1.000000	1.000000	0.000000	1.000000	-0.027230	-0.110763	0.086013	0.000000	0.126060	0.019059	0.064451	0.000000	-0.061446	0.088184	0.094106	0.000000	-0.108895	-0.001890	-0.156354	1.000000
MARKER	0.408333	1.000000	1.000000	0.000000	1.000000	-0.038611	-0.135102	0.025786	-0.000000	-0.080380	0.000432	-0.118097	-0.000000	0.111608	-0.046427	-0.076134	-0.000000	-0.317172	-0.235942	0.271455	1.000000
MARKER	0.408333	1.000000	1.000000	0.000000	1.000000	-0.051816	-0.024247	0.130902	0.000000	0.107164	0.075745	0.056450	0.000000	-0.078988	0.118671	-0.009285	0.000000	0.347051	-0.270824	-0.413653	1.000000
MARKER	0.408333	1.000000	1.000000	0.000000	1.000000	0.025651	-0.121203	0.071134	0.000000	-0.115260	-0.059516	-0.059843	-0.000000	0.080408	-0.046647	-0.108475	-0.000000	-0.210304	0.154539	0.269792	1.000000
MARKER	0.408333	1.000000	1.000000	0.000000	1.000000	-0.067754	0.125192	-0.012016	0.000000	0.017032	0.022656	0.140017	0.000000	0.124609	0.064975	-0.025672	-0.000000	0.022266	-0.136192	-0.179559	1.000000
MARKER	0.408333	1.000000	1.000000	0.000000	1.000000	-0.039190	-0.065573	0.120717	0.000000	0.069064	-0.117920	-0.041632	-0.000000	0.118753	0.046940	0.064050	0.000000	-0.265540	0.192004	-0.343493	1.000000
MARKER	0.408333	1.000000	1.000000	0.000000	1.000000	-0.132927	-0.004109	-0.052170	0.000000	0.043487	-0.087898	-0.103879	-0.000000	-0.029111	-0.112539	0.083040	0.000000	-0.044222	0.312961	-0.067969	1.000000
MARKER	0.408333	1.000000	1.000000	0.000000	1.000000	0.015349	-0.015632	0.141167	0.000000	-0.135222	-0.045043	0.009715	0.000000	0.043447	-0.134666	-0.019636	-0.000000	-0.013946	0.369765	0.392428	1.000000
MARKER	0.408333	1.000000	1.000000	0.000000	1.000000	-0.042684	-0.116177	-0.071339	-0.000000	-0.065763	0.083027	-0.095863	-0.000000	0.119421	0.004197	-0.078289	-0.000000	-0.189827	-0.179842	-0.005644	1.000000
MARKER	0.408333	1.000000	1.000000	0.000000	1.000000	-0.037552	-0.089696	0.104655	0.000000	-0.065509	-0.083821	-0.095346	-0.000000	0.121271	-0.073053	-0.019098	-0.000000	-0.268364	-0.033434	0.272282	1.000000
MARKER	0.408333	1.000000	1.000000	0.000000	1.000000	-0.083540	0.018821	0.114346	0.000000	-0.029449	0.132885	-0.043388	0.000000	-0.112080	-0.048944	-0.073829	-0.000000	0.295490	-0.008414	0.072010	1.000000
MARKER	0.408333	1.000000	1.000000	0.000000	1.000000	-0.108627	-0.056876	-0.073304	-0.000000	0.027616	-0.127572	0.058059	-0.000000	-0.088576	0.029977	0.107999	0.000000	0.469386	0.171940	-0.128093	1.000000
MARKER	0.408333	1.000000	1.000000	0.000000	1.000000	-0.063248	-0.101734	0.077833	0.000000	0.073602	-0.099907	-0.070778	-0.000000	0.104836	0.008764	0.096647	0.000000	-0.299690	0.299963	-0.459817	1.000000
MARKER	0.408333	1.000000	1.000000	0.000000	1.000000	0.055436	0.090200	0.095912	0.000000	0.100223	-0.096397	0.032728	-0.000000	0.085384	0.054588	-0.100688	-0.000000	-0.344163	0.121294	-0.090857	1.000000
MARKER	0.408333	1.000000	1.000000	0.000000	1.000000	0.139341	-0.023806	-0.020626	-0.000000	-0.030503	-0.078652	-0.115289	-0.000000	0.007856	0.116856	-0.081799	-0.000000	-0.000483	-0.260178	0.040036	1.000000
MARKER	0.408333	1.000000	1.000000	0.000000	1.000000	0.026498	-0.094848	0.103488	0.000000	-0.083328	-0.095382	-0.066083	-0.000000	0.112971	-0.048107	-0.073017	-0.000000	-0.112263	0.054311	0.158523	1.000000
MARKER	0.408333	1.000000	1.000000	0.000000	1.000000	-0.099008	0.046102	0.092088	0.000000	-0.030705	-0.135148	0.034647	-0.000000	0.098300	0.004219	0.103574	0.000000	0.057102	0.078395	-0.348945	1.000000
MARKER	0.408333	1.000000	1.000000	0.000000	1.000000	0.109637	-0.086252	-0.030798	-0.000000	0.080715	0.068295	0.096068	0.000000	-0.043279	-0.091129	0.101146	0.000000	0.072399	0.387047	-0.438214	1.000000
MARKER	0.408333	1.000000	1.000000	0.000000	1.000000	-0.115603	0.046250	0.070036	0.000000	-0.053091	-0.132625	-0.000051	-0.000000	0.065003	-0.026069	0.124512	0.000000	-0.087828	0.238124	-0.347692	1.000000
MARKER	0.408333	1.000000	1.000000	0.000000	1.000000	0.045823	-0.078052	0.110527	0.000000	-0.085012	-0.107393	-0.040593	-0.000000	0.105268	-0.052752	-0.080895	-0.000000	-0.104862	0.139805	0.440448	1.000000
MARKER	0.408333	1.000000	1.000000	0.000000	1.000000	0.056853	0.023324	-0.128965	-0.000000	0.119481	0.048540	0.061451	0.000000	0.053853	-0.132318	-0.000190	-0.000000	-0.312876	0.426211	-0.038503	1.000000
MARKER	0.408333	1.000000	1.000000	0.000000	1.000000	0.081960	-0.115302	0.019905	-0.000000	-0.079263	-0.072588	-0.094109	-0.000000	0.086071	0.042948	-0.105619	-0.000000	0.111090	-0.022933	0.189632	1.000000
MARKER	0.408333	1.000000	1.000000	0.000000	1.000000	-0.048288	-0.038947	0.128684	0.000000	0.056494	-0.129953	-0.018132	-0.000000	0.122004	0.044760	0.059328	-0.000000	0.129292	0.318790	-0.411082	1.000000
MARKER	0.408333	1.000000	1.000000	0.000000	1.000000	-0.122988	0.062229	-0.037545	0.000000	-0.035031	-0.115419	-0.076547	-0.000000	-0.063678	-0.056694	0.114626	0.000000	0.045547	0.246273	-0.077841	1.000000
MARKER	0.408333	1.000000	1.000000	0.000000	1.000000	0.083879	-0.057234	0.100482	0.000000	-0.055630	-0.128797	-0.026925	-0.000000	0.101380	-0.023320	-0.097911	-0.000000	-0.144644	-0.181526	0.255918	1.000000
MARKER	0.408333	1.000000	1.000000	0.000000	1.000000	-0.019868	0.046254	-0.133694	-0.000000	0.041200	-0.127262	-0.050152	-0.000000	-0.135337	-0.045532	0.004359	0.000000	0.397107	0.000870	0.020687	1.000000
MARKER	0.408333	1.000000	1.000000	0.000000	1.000000	0.042159	0.114459	-0.074363	-0.000000	0.126230	-0.003084	0.066817	0.000000	0.051930	-0.085427	-0.102048	-0.000000	-0.304518	0.323850	0.457862	1.000000
MARKER	0.408333	1.000000	1.000000	0.000000	1.000000	-0.038024	-0.080024	0.112064	0.000000	0.046194	-0.116934	-0.067828	-0.000000	0.129724	0.018183	0.057001	0.000000	-0.358643	0.217801	-0.301637	1.000000
MARKER	0.408333	1.000000	1.000000	0.000000	1.000000	-0.035866	-0.008004	-0.138050	-0.000000	-0.076519	-0.117644	0.026701	0.000000	-0.115181	0.080648	0.025249	0.000000	0.459727	-0.309550	0.243008	1.000000
MARKER	0.408333	1.000000	1.000000	0.000000	1.000000	-0.028234	-0.139927	0.005610	-0.000000	-0.133905	0.025300	-0.042865	0.000000	0.040993	-0.013730	-0.136159	-0.000000	-0.396464	-0.165619	0.486757	1.000000
MARKER	0.408333	1.000000	1.000000	0.000000	1.000000	0.037539	0.046817	-0.129643	-0.000000	-0.075594	-0.105363	-0.059937	-0.000000	-0.115259	0.084351	-0.002913	0.000000	0.399875	-0.333016	0.001229	1.000000
MARKER	0.408333	1.000000	1.000000	0.000000	1.000000	0.063313	-0.123499	0.033877	-0.000000	0.113131	0.036230	-0.079354	-0.000000	0.060009	0.061997	0.113857	0.000000	0.220003	-0.312924	-0.122236	1.000000
MARKER	0.408333	1.000000	1.000000	0.000000	1.000000	0.107449	-0.016345	0.092713	0.000000	-0.034418	-0.137769	0.015600	-0.000000	0.087626	-0.034070	-0.107560	-0.000000	-0.117874	-0.257820	0.361333	1.000000
MARKER	0.408333	1.000000	1.000000	0.000000	1.000000	-0.056849	0.130828	0.007766	0.000000	-0.115474	-0.054005	0.064478	0.000000	0.061984	0.019381	0.127242	0.000000	-0.157958	0.175764	-0.176536	1.000000
MARKER	0.408333	1.000000	1.000000	0.000000	1.000000	0.076711	-0.043875	-0.112243	-0.000000	-0.095055	-0.103818	-0.024383	0.000000	-0.074082	0.087778	-0.084942	0.000000	0.264754	0.306558	0.065906	1.000000
MARKER	0.408333	1.000000	1.000000	0.000000	1.000000	-0.044103	0.049051	-0.126717	-0.000000	0.093862	-0.085333	-0.065699	-0.000000	-0.098250	-0.103540	-0.005884	0.000000	0.457899	0.272065	0.237313	1.000000
MARKER	0.408333	1.000000	1.000000	0.000000	1.000000	0.060419	0.050574	-0.119164	-0.000000	0.118923	0.030264	0.073141	0.000000	0.051138	-0.130133	-0.029302	-0.000000	-0.443517	0.393113	0.127073	1.000000
