MARKER	0.233333	1.000000	1.000000	0.000000	1.000000	-0.224113	-0.001588	0.110774	0.000000	0.089690	-0.149337	0.179316	0.000000	0.065031	0.200489	0.134443	-0.000000	0.264953	-0.162729	-0.420880	1.000000
MARKER	0.233333	1.000000	1.000000	0.000000	1.000000	0.027356	-0.137272	0.207142	0.000000	0.087793	0.200294	0.121139	-0.000000	-0.232474	0.059487	0.070123	0.000000	0.365184	-0.288611	-0.256981	1.000000
MARKER	0.233333	1.000000	1.000000	0.000000	1.000000	0.137369	-0.012033	-0.208531	-0.000000	0.030086	-0.245842	0.034004	0.000000	-0.206699	-0.043780	-0.133636	-0.000000	0.240057	0.215393	0.361527	1.000000
MARKER	0.233333	1.000000	1.000000	0.000000	1.000000	-0.014786	0.217846	-0.121756	-0.000000	0.075943	0.120112	0.205683	0.000000	0.237727	-0.024821	-0.073280	-0.000000	-0.041711	-0.388630	-0.042556	1.000000
MARKER	0.233333	1.000000	1.000000	0.000000	1.000000	0.000242	0.209414	0.136549	-0.000000	-0.241714	-0.034668	0.053597	0.000000	0.063831	-0.132075	0.202439	0.000000	-0.417758	0.336525	-0.053449	1.000000
MARKER	0.233333	1.000000	1.000000	0.000000	1.000000	-0.062190	-0.117363	-0.211798	-0.000000	0.113103	-0.207431	0.081733	0.000000	-0.214103	-0.075488	0.104697	0.000000	0.390741	0.341609	0.094562	1.000000
MARKER	0.233333	1.000000	1.000000	0.000000	1.000000	-0.245607	-0.018872	-0.042672	0.000000	-0.028008	0.242495	0.053959	-0.000000	0.037318	0.057792	-0.240349	-0.000000	0.183948	-0.088167	0.165037	1.000000
MARKER	0.233333	1.000000	1.000000	0.000000	1.000000	-0.045406	0.211393	0.125504	-0.000000	-0.245253	-0.030117	-0.038002	0.000000	-0.017014	-0.130023	0.212849	0.000000	-0.280916	0.357807	-0.343058	1.000000
MARKER	0.233333	1.000000	1.000000	0.000000	1.000000	0.010187	-0.009459	-0.249613	-0.000000	0.226107	-0.105831	0.013238	0.000000	-0.106168	-0.226297	0.004242	0.000000	-0.173139	0.346259	0.064020	1.000000
MARKER	0.233333	1.000000	1.000000	0.000000	1.000000	-0.133585	0.023543	-0.210002	-0.000000	0.178316	0.145876	-0.097075	-0.000000	0.113395	-0.201658	-0.094740	0.000000	-0.114169	0.324995	0.336775	1.000000
MARKER	0.233333	1.000000	1.000000	0.000000	1.000000	-0.175376	0.177802	-0.011382	-0.000000	0.059773	0.073762	0.231271	0.000000	0.167840	0.159516	-0.094256	-0.000000	-0.088083	-0.419800	-0.020563	1.000000
MARKER	0.233333	1.000000	1.000000	0.000000	1.000000	0.016021	0.003590	0.249460	0.000000	-0.249486	0.000483	0.016016	0.000000	-0.000252	-0.249974	0.003614	0.000000	0.156127	-0.026350	0.292643	1.000000
MARKER	0.233333	1.000000	1.000000	0.000000	1.000000	-0.215661	-0.049342	-0.116428	0.000000	-0.108576	0.190245	0.120491	0.000000	0.064818	0.154507	-0.185543	-0.000000	0.017732	-0.229236	0.320552	1.000000
MARKER	0.233333	1.000000	1.000000	0.000000	1.000000	-0.060051	-0.150041	-0.190740	-0.000000	0.128743	-0.186260	0.105984	0.000000	-0.205716	-0.072768	0.122007	0.000000	0.409120	0.385082	0.252789	1.000000
MARKER	0.233333	1.000000	1.000000	0.000000	1.000000	-0.219334	-0.056213	-0.105985	0.000000	-0.110805	0.179583	0.134060	0.000000	0.045989	0.164590	-0.182469	-0.000000	0.024606	-0.311863	0.353983	1.000000
MARKER	0.233333	1.000000	1.000000	0.000000	1.000000	0.007120	0.032598	-0.247763	-0.000000	0.249105	0.018809	0.009633	-0.000000	0.019897	-0.247151	-0.031945	0.000000	-0.284576	0.116331	0.458059	1.000000
MARKER	0.233333	1.000000	1.000000	0.000000	1.000000	-0.055649	0.082118	0.229477	0.000000	-0.096018	-0.223734	0.056778	0.000000	0.224017	-0.075498	0.081342	0.000000	-0.381668	0.175542	-0.264766	1.000000
MARKER	0.233333	1.000000	1.000000	0.000000	1.000000	-0.092787	-0.210921	-0.096970	0.000000	0.189702	-0.129083	0.099252	0.000000	-0.133805	-0.036744	0.207957	0.000000	0.398853	0.391267	-0.243711	1.000000
MARKER	0.233333	1.000000	1.000000	0.000000	1.000000	-0.062109	0.119886	0.210404	0.000000	-0.136589	-0.196707	0.071762	0.000000	0.199965	-0.097128	0.114369	0.000000	-0.471459	0.259840	-0.106562	1.000000
MARKER	0.233333	1.000000	1.000000	0.000000	1.000000	0.031484	-0.046495	-0.243612	-0.000000	0.066355	0.238194	-0.036885	-0.000000	0.238968	-0.060014	0.042338	0.000000	-0.386603	-0.370177	0.186710	1.000000
MARKER	0.233333	1.000000	1.000000	0.000000	1.000000	-0.229804	0.029538	0.093901	0.000000	0.037804	-0.193709	0.153453	0.000000	0.090889	0.155256	0.173594	0.000000	0.141673	-0.311092	-0.405765	1.000000
MARKER	0.233333	1.000000	1.000000	0.000000	1.000000	-0.088559	-0.223333	-0.069134	0.000000	0.222526	-0.103192	0.048307	0.000000	-0.071691	-0.044424	0.235344	0.000000	0.467907	0.424468	-0.351765	1.000000
MARKER	0.233333	1.000000	1.000000	0.000000	1.000000	-0.230109	-0.090516	-0.036832	0.000000	-0.095206	0.228897	0.032279	-0.000000	0.022035	0.043737	-0.245156	-0.000000	0.048284	-0.168988	0.109832	1.000000
MARKER	0.233333	1.000000	1.000000	0.000000	1.000000	-0.220761	0.040272	-0.110194	-0.000000	-0.025693	0.212515	0.129140	-0.000000	0.114475	0.125362	-0.183521	-0.000000	0.191807	-0.081085	0.361961	1.000000
MARKER	0.233333	1.000000	1.000000	0.000000	1.000000	-0.007720	0.012946	-0.249545	-0.000000	-0.238580	-0.074615	0.003510	0.000000	-0.074298	0.238254	0.014659	-0.000000	0.218648	-0.019655	0.440278	1.000000
MARKER	0.233333	1.000000	1.000000	0.000000	1.000000	0.064406	-0.108625	-0.215760	-0.000000	0.213338	0.130319	-0.001926	-0.000000	0.113307	-0.183624	0.126269	0.000000	-0.300315	-0.099731	0.213908	1.000000
MARKER	0.233333	1.000000	1.000000	0.000000	1.000000	0.001861	0.036315	-0.247341	-0.000000	-0.018722	-0.246633	-0.036352	0.000000	-0.249291	0.018793	0.000883	0.000000	0.055608	0.160159	-0.148562	1.000000
MARKER	0.233333	1.000000	1.000000	0.000000	1.000000	0.021745	0.218950	0.118694	-0.000000	-0.248988	0.016392	0.015377	0.000000	0.005685	-0.119551	0.219489	0.000000	-0.419747	0.423002	-0.219565	1.000000
MARKER	0.233333	1.000000	1.000000	0.000000	1.000000	0.085827	-0.211835	0.101290	0.000000	0.184101	-0.006228	-0.169021	-0.000000	0.145742	0.132617	0.153857	0.000000	-0.179940	-0.197324	0.014263	1.000000
MARKER	0.233333	1.000000	1.000000	0.000000	1.000000	-0.226947	-0.013295	-0.104011	0.000000	-0.102026	-0.029241	0.226353	0.000000	-0.024203	0.247928	0.021119	-0.000000	-0.347518	-0.418605	-0.428546	1.000000
MARKER	0.233333	1.000000	1.000000	0.000000	1.000000	-0.234279	0.057482	-0.065643	0.000000	-0.002230	0.184075	0.169149	0.000000	0.087225	0.159098	-0.171988	-0.000000	-0.318509	-0.047294	-0.156085	1.000000
MARKER	0.233333	1.000000	1.000000	0.000000	1.000000	0.022215	-0.128748	0.213144	0.000000	0.119907	0.193079	0.104130	-0.000000	-0.218240	0.092977	0.078908	0.000000	0.256118	-0.451339	-0.279696	1.000000
MARKER	0.233333	1.000000	1.000000	0.000000	1.000000	-0.131285	-0.164829	-0.134520	0.000000	0.178120	-0.171600	0.036426	0.000000	-0.116351	-0.076714	0.207551	0.000000	0.344408	0.300108	-0.385769	1.000000
MARKER	0.233333	1.000000	1.000000	0.000000	1.000000	-0.028145	0.201267	0.145601	0.000000	-0.248019	-0.014540	-0.027844	0.000000	-0.013949	-0.147581	0.201309	0.000000	-0.371373	0.356029	-0.339401	1.000000
MARKER	0.233333	1.000000	1.000000	0.000000	1.000000	0.051485	-0.184389	0.160780	0.000000	0.105889	0.164910	0.155217	-0.000000	-0.220538	0.036134	0.112060	0.000000	0.358979	-0.101324	-0.097201	1.000000
MARKER	0.233333	1.000000	1.000000	0.000000	1.000000	-0.195823	0.121464	0.096952	0.000000	-0.061435	-0.203755	0.131185	0.000000	0.142755	0.078932	0.189449	0.000000	-0.050119	-0.011877	-0.340973	1.000000
MARKER	0.233333	1.000000	1.000000	0.000000	1.000000	-0.215973	-0.031568	-0.121899	0.000000	-0.093192	0.202829	0.112586	0.000000	0.084682	0.142702	-0.186990	-0.000000	0.000367	-0.105735	0.314151	1.000000
MARKER	0.233333	1.000000	1.000000	0.000000	1.000000	-0.008079	-0.004585	-0.249827	-0.000000	0.167627	0.185266	-0.008821	-0.000000	0.185299	-0.167796	-0.002913	0.000000	-0.230091	-0.036592	-0.036975	1.000000
MARKER	0.233333	1.000000	1.000000	0.000000	1.000000	-0.021017	-0.051130	-0.243811	-0.000000	0.164412	0.180974	-0.052125	-0.000000	0.187155	-0.164724	0.018412	0.000000	-0.169905	0.017573	-0.148480	1.000000
MARKER	0.233333	1.000000	1.000000	0.000000	1.000000	0.031159	-0.007886	-0.247925	-0.000000	0.107518	0.225610	0.006336	-0.000000	0.223537	-0.107416	0.031510	0.000000	-0.463399	0.035763	-0.060462	1.000000
MARKER	0.233333	1.000000	1.000000	0.000000	1.000000	-0.064074	0.091497	-0.223658	-0.000000	0.241119	0.008881	-0.065443	-0.000000	-0.016006	-0.232485	-0.090523	0.000000	-0.381770	0.112967	0.098273	1.000000
MARKER	0.233333	1.000000	1.000000	0.000000	1.000000	-0.098619	-0.202921	-0.107691	0.000000	0.207225	-0.129164	0.053615	0.000000	-0.099157	-0.068115	0.219153	0.000000	0.307980	0.378910	-0.385021	1.000000
MARKER	0.233333	1.000000	1.000000	0.000000	1.000000	0.075712	-0.150173	-0.184975	-0.000000	0.230728	0.094627	0.017615	-0.000000	0.059434	-0.176051	0.167254	0.000000	-0.087719	-0.055623	0.310199	1.000000
MARKER	0.233333	1.000000	1.000000	0.000000	1.000000	0.016919	-0.078092	-0.236887	-0.000000	0.237621	-0.067136	0.039104	0.000000	-0.075829	-0.227803	0.069682	0.000000	-0.015131	0.289936	0.296188	1.000000
MARKER	0.233333	1.000000	1.000000	0.000000	1.000000	0.046040	-0.127240	-0.210215	-0.000000	0.068851	0.211986	-0.113233	-0.000000	0.235881	-0.037041	0.074081	0.000000	-0.266029	0.014275	0.250513	1.000000
MARKER	0.233333	1.000000	1.000000	0.000000	1.000000	-0.188912	0.122249	-0.108938	-0.000000	0.163272	0.127998	-0.139495	-0.000000	-0.012438	-0.176555	-0.176561	-0.000000	-0.273626	0.211210	0.156233	1.000000
MARKER	0.233333	1.000000	1.000000	0.000000	1.000000	-0.162596	-0.075296	-0.174336	-0.000000	-0.170950	-0.041908	0.177539	0.000000	-0.082696	0.234679	-0.024231	-0.000000	-0.362150	-0.128170	-0.072035	1.000000
MARKER	0.233333	1.000000	1.000000	0.000000	1.000000	-0.038529	-0.105111	-0.223533	-0.000000	0.246124	0.002839	-0.043758	-0.000000	0.020936	-0.226812	0.103044	0.000000	0.149989	0.465409	0.178105	1.000000
MARKER	0.233333	1.000000	1.000000	0.000000	1.000000	0.076939	-0.130108	-0.199129	-0.000000	-0.019406	0.205156	-0.141544	-0.000000	0.237073	0.059018	0.053038	-0.000000	-0.460903	0.092582	0.172572	1.000000
MARKER	0.233333	1.000000	1.000000	0.000000	1.000000	0.011946	-0.039935	-0.246500	-0.000000	0.120989	0.216807	-0.029261	-0.000000	0.218447	-0.117897	0.029687	0.000000	-0.289392	0.104357	-0.099842	1.000000
MARKER	0.233333	1.000000	1.000000	0.000000	1.000000	-0.245143	-0.009268	-0.048154	0.000000	-0.041357	-0.092831	0.228412	0.000000	-0.026349	0.231941	0.089494	-0.000000	0.106210	-0.061274	-0.251537	1.000000
MARKER	0.233333	1.000000	1.000000	0.000000	1.000000	0.107966	-0.118755	-0.191678	-0.000000	-0.111110	-0.212945	0.069346	0.000000	-0.196208	0.055241	-0.144743	-0.000000	0.443963	0.240096	0.432347	1.000000
MARKER	0.233333	1.000000	1.000000	0.000000	1.000000	0.022023	-0.140504	0.205606	0.000000	0.058052	0.203618	0.132927	-0.000000	-0.242167	0.036033	0.050563	0.000000	0.298389	-0.277574	-0.226248	1.000000
MARKER	0.233333	1.000000	1.000000	0.000000	1.000000	-0.083907	-0.131993	-0.195032	-0.000000	-0.179237	-0.098502	0.143776	0.000000	-0.152754	0.188083	-0.061572	-0.000000	-0.370069	-0.368756	-0.349153	1.000000
MARKER	0.233333	1.000000	1.000000	0.000000	1.000000	-0.109539	-0.181889	-0.131976	0.000000	0.171730	-0.162451	0.081355	0.000000	-0.144949	-0.055010	0.196122	0.000000	0.325369	0.336445	-0.312509	1.000000
MARKER	0.233333	1.000000	1.000000	0.000000	1.000000	-0.071034	0.238077	0.027809	-0.000000	-0.216128	-0.076159	0.099943	0.000000	0.103648	0.004357	0.227460	0.000000	-0.094180	0.382622	-0.075692	1.000000
MARKER	0.233333	1.000000	1.000000	0.000000	1.000000	-0.017129	0.006197	-0.249336	-0.000000	-0.231806	-0.092631	0.013622	0.000000	-0.092047	0.232123	0.012093	-0.000000	0.279771	-0.066313	0.458382	1.000000
MARKER	0.233333	1.000000	1.000000	0.000000	1.000000	-0.143611	0.020953	-0.203561	-0.000000	0.185195	0.119104	-0.118394	-0.000000	0.087057	-0.218804	-0.083940	0.000000	-0.200615	0.329508	0.209567	1.000000
MARKER	0.233333	1.000000	1.000000	0.000000	1.000000	-0.099217	-0.013013	-0.229099	-0.000000	0.176719	0.154884	-0.085330	-0.000000	0.146377	-0.195810	-0.052270	0.000000	-0.245972	0.461378	0.235230	1.000000
MARKER	0.233333	1.000000	1.000000	0.000000	1.000000	-0.191426	0.076962	0.141184	0.000000	-0.039196	-0.235217	0.075077	0.000000	0.155948	0.035352	0.192173	0.000000	-0.162919	0.092095	-0.452978	1.000000
MARKER	0.233333	1.000000	1.000000	0.000000	1.000000	-0.204550	0.091070	-0.111201	-0.000000	-0.061284	-0.230212	-0.075807	0.000000	-0.130014	-0.034766	0.210684	0.000000	-0.015965	0.069121	-0.180721	1.000000
MARKER	0.233333	1.000000	1.000000	0.000000	1.000000	-0.229655	0.000849	-0.098781	0.000000	-0.061619	0.194163	0.144926	0.000000	0.077211	0.157480	-0.178153	-0.000000	0.115457	-0.286033	0.363008	1.000000
MARKER	0.233333	1.000000	1.000000	0.000000	1.000000	0.016808	0.223324	0.111102	-0.000000	-0.244764	-0.006682	0.050460	0.000000	0.048045	-0.112168	0.218197	0.000000	-0.381172	0.394295	-0.129020	1.000000
MARKER	0.233333	1.000000	1.000000	0.000000	1.000000	0.005930	0.059639	-0.242710	-0.000000	0.052916	-0.237574	-0.057084	0.000000	-0.244264	-0.050019	-0.018259	0.000000	0.215570	0.044328	-0.123333	1.000000
MARKER	0.233333	1.000000	1.000000	0.000000	1.000000	-0.068940	-0.027891	0.238683	0.000000	-0.225981	0.091978	-0.054523	-0.000000	-0.081732	-0.230786	-0.050576	0.000000	0.011753	-0.083328	0.037995	1.000000
MARKER	0.233333	1.000000	1.000000	0.000000	1.000000	0.030177	-0.043452	-0.244338	-0.000000	0.063910	-0.236476	0.049947	0.000000	-0.239802	-0.068491	-0.017437	0.000000	0.287554	0.382226	0.356937	1.000000
MARKER	0.233333	1.000000	1.000000	0.000000	1.000000	-0.003299	0.054085	-0.244057	-0.000000	-0.016794	-0.243575	-0.053752	0.000000	-0.249413	0.015685	0.006847	0.000000	0.056080	0.088899	-0.169312	1.000000
MARKER	0.233333	1.000000	1.000000	0.000000	1.000000	-0.150067	0.013944	0.199463	0.000000	-0.158626	-0.160131	-0.108148	0.000000	0.121729	-0.191478	0.104969	0.000000	0.199594	0.348756	-0.195133	1.000000
MARKER	0.233333	1.000000	1.000000	0.000000	1.000000	-0.237014	-0.031862	-0.072864	0.000000	-0.058308	-0.086138	0.227333	0.000000	-0.054079	0.232519	0.074232	-0.000000	0.039895	-0.033917	-0.282135	1.000000
MARKER	0.233333	1.000000	1.000000	0.000000	1.000000	0.002621	-0.093609	-0.231798	-0.000000	0.249763	-0.008815	0.006384	-0.000000	-0.010564	-0.231645	0.093428	0.000000	0.012481	0.456783	0.225158	1.000000
MARKER	0.233333	1.000000	1.000000	0.000000	1.000000	-0.175724	-0.074906	-0.161277	-0.000000	-0.167405	-0.006787	0.185552	0.000000	-0.059974	0.238418	-0.045388	-0.000000	-0.324860	-0.067750	-0.092885	1.000000
MARKER	0.233333	1.000000	1.000000	0.000000	1.000000	-0.170572	-0.136447	-0.121603	0.000000	-0.127255	-0.030732	0.212983	0.000000	-0.131191	0.207215	-0.048486	-0.000000	-0.206555	-0.387792	-0.475098	1.000000
MARKER	0.233333	1.000000	1.000000	0.000000	1.000000	-0.241218	0.027329	-0.059725	0.000000	-0.064026	-0.047141	0.237020	0.000000	0.014648	0.243990	0.052484	-0.000000	-0.220308	-0.460375	-0.332681	1.000000
MARKER	0.233333	1.000000	1.000000	0.000000	1.000000	0.019408	0.015965	-0.248734	-0.000000	0.087959	-0.233874	-0.008148	0.000000	-0.233209	-0.086881	-0.023773	0.000000	0.291403	0.230240	0.041792	1.000000
MARKER	0.233333	1.000000	1.000000	0.000000	1.000000	-0.143762	-0.204269	0.010336	0.000000	-0.202317	0.143878	0.029447	0.000000	-0.030009	0.008569	-0.248044	-0.000000	-0.183225	-0.354815	0.086069	1.000000
MARKER	0.233333	1.000000	1.000000	0.000000	1.000000	-0.050658	0.211023	0.124110	-0.000000	-0.061777	-0.133656	0.202039	0.000000	0.236891	0.010271	0.079228	-0.000000	-0.135938	-0.163759	-0.391135	1.000000
MARKER	0.233333	1.000000	1.000000	0.000000	1.000000	-0.007086	0.039618	-0.246739	-0.000000	-0.016575	-0.246369	-0.039083	0.000000	-0.249349	0.015251	0.009610	0.000000	0.094188	0.043573	-0.157912	1.000000
MARKER	0.233333	1.000000	1.000000	0.000000	1.000000	-0.196589	-0.153136	0.020056	0.000000	-0.144938	0.171713	-0.109579	-0.000000	0.053346	-0.097796	-0.223808	-0.000000	-0.286061	-0.467938	-0.131345	1.000000
MARKER	0.233333	1.000000	1.000000	0.000000	1.000000	-0.184131	0.146879	0.083800	0.000000	-0.115816	-0.199806	0.095730	0.000000	0.123218	0.031686	0.215206	0.000000	-0.168559	-0.092921	-0.377110	1.000000
MARKER	0.233333	1.000000	1.000000	0.000000	1.000000	-0.096502	-0.216106	-0.080534	0.000000	0.219127	-0.113139	0.041025	0.000000	-0.071909	-0.054752	0.233091	0.000000	0.412848	0.405895	-0.385621	1.000000
MARKER	0.233333	1.000000	1.000000	0.000000	1.000000	-0.119067	0.218604	0.023136	-0.000000	-0.187223	-0.114634	0.119611	0.000000	0.115198	0.039640	0.218307	0.000000	-0.054753	0.286325	-0.059952	1.000000
MARKER	0.233333	1.000000	1.000000	0.000000	1.000000	0.027463	-0.142988	0.203224	0.000000	0.112991	0.189287	0.117913	-0.000000	-0.221312	0.078897	0.085419	0.000000	0.426182	-0.131041	-0.175460	1.000000
MARKER	0.233333	1.000000	1.000000	0.000000	1.000000	0.066319	-0.050114	-0.235776	-0.000000	0.090131	-0.221643	0.072462	0.000000	-0.223558	-0.104225	-0.040729	0.000000	0.315604	0.463935	0.303142	1.000000
MARKER	0.233333	1.000000	1.000000	0.000000	1.000000	-0.200941	-0.068802	-0.131867	0.000000	-0.132935	-0.016341	0.211095	0.000000	-0.066715	0.239790	-0.023451	-0.000000	-0.228631	-0.102861	-0.082241	1.000000
MARKER	0.233333	1.000000	1.000000	0.000000	1.000000	-0.242993	-0.036071	-0.046404	0.000000	-0.045689	-0.008237	0.245651	0.000000	-0.036973	0.247247	0.001414	-0.000000	0.036041	-0.221663	-0.212905	1.000000
MARKER	0.233333	1.000000	1.000000	0.000000	1.000000	-0.051510	-0.157482	-0.187206	-0.000000	0.045273	0.181869	-0.165450	-0.000000	0.240410	-0.067991	-0.008953	-0.000000	-0.366942	-0.148204	0.186479	1.000000
MARKER	0.233333	1.000000	1.000000	0.000000	1.000000	-0.121391	-0.051160	-0.212478	-0.000000	0.113715	-0.222347	-0.011430	0.000000	-0.186637	-0.102197	0.131234	0.000000	-0.067200	0.028793	-0.449336	1.000000
MARKER	0.233333	1.000000	1.000000	0.000000	1.000000	0.056619	-0.073126	-0.232265	-0.000000	0.053410	0.236383	-0.061403	-0.000000	0.237574	-0.035715	0.069158	0.000000	-0.353164	-0.059000	0.374905	1.000000
MARKER	0.233333	1.000000	1.000000	0.000000	1.000000	-0.193262	-0.079056	-0.137477	0.000000	-0.148293	0.013278	0.200830	0.000000	-0.056206	0.236799	-0.057159	-0.000000	-0.473933	-0.290085	-0.422260	1.000000
MARKER	0.233333	1.000000	1.000000	0.000000	1.000000	0.079511	-0.219636	0.089096	0.000000	0.183716	-0.002266	-0.169539	-0.000000	0.149755	0.119394	0.160682	0.000000	-0.238224	-0.204426	0.049527	1.000000
MARKER	0.233333	1.000000	1.000000	0.000000	1.000000	-0.191024	0.107800	-0.119954	-0.000000	0.050848	0.216720	0.113785	-0.000000	0.153050	0.062545	-0.187520	-0.000000	0.417909	-0.186112	0.358156	1.000000
MARKER	0.233333	1.000000	1.000000	0.000000	1.000000	-0.060916	-0.109562	-0.216299	-0.000000	0.094472	-0.216121	0.082865	0.000000	-0.223303	-0.061545	0.094063	0.000000	0.347346	0.259768	0.187696	1.000000
MARKER	0.233333	1.000000	1.000000	0.000000	1.000000	-0.198083	0.121042	-0.092800	-0.000000	0.052812	0.197131	0.144396	-0.000000	0.143087	0.094806	-0.181763	-0.000000	0.435179	-0.370825	0.425892	1.000000
MARKER	0.233333	1.000000	1.000000	0.000000	1.000000	-0.214381	-0.053837	-0.116800	0.000000	-0.120036	0.002246	0.219286	0.000000	-0.046173	0.244124	-0.027776	-0.000000	-0.211005	-0.132545	-0.164284	1.000000
MARKER	0.233333	1.000000	1.000000	0.000000	1.000000	-0.038549	0.046184	-0.242654	-0.000000	0.223520	-0.098006	-0.054162	-0.000000	-0.105132	-0.225304	-0.026180	0.000000	-0.127463	0.265744	-0.001889	1.000000
MARKER	0.233333	1.000000	1.000000	0.000000	1.000000	-0.021311	-0.027037	-0.247618	-0.000000	-0.242496	-0.054553	0.026826	0.000000	-0.056934	0.242473	-0.021576	-0.000000	0.388919	0.029708	0.403274	1.000000
MARKER	0.233333	1.000000	1.000000	0.000000	1.000000	0.089830	-0.129733	-0.193907	-0.000000	-0.117787	-0.204578	0.082306	0.000000	-0.201387	0.061784	-0.134632	-0.000000	0.411317	0.254468	0.477319	1.000000
MARKER	0.233333	1.000000	1.000000	0.000000	1.000000	0.086142	-0.233377	-0.024792	0.000000	-0.175197	-0.046373	-0.172208	-0.000000	0.156159	0.076711	-0.179527	-0.000000	-0.426169	0.332979	0.411498	1.000000
MARKER	0.233333	1.000000	1.000000	0.000000	1.000000	-0.030581	0.188972	0.160793	0.000000	-0.243388	0.008651	-0.056456	0.000000	-0.048239	-0.163446	0.182916	0.000000	-0.396772	0.391322	-0.409521	1.000000
MARKER	0.233333	1.000000	1.000000	0.000000	1.000000	-0.237782	0.008579	-0.076720	0.000000	-0.077088	-0.039653	0.234489	0.000000	-0.004122	0.246686	0.040360	-0.000000	-0.286900	-0.455030	-0.407123	1.000000
MARKER	0.233333	1.000000	1.000000	0.000000	1.000000	-0.244668	-0.018963	-0.047729	0.000000	-0.034421	0.232977	0.083887	-0.000000	0.038116	0.088670	-0.230618	-0.000000	-0.029328	-0.334051	0.151135	1.000000
MARKER	0.233333	1.000000	1.000000	0.000000	1.000000	0.029859	-0.029652	-0.246433	-0.000000	0.185124	0.168000	0.002216	-0.000000	0.165340	-0.182747	0.042022	0.000000	-0.088632	-0.002211	-0.011552	1.000000
MARKER	0.233333	1.000000	1.000000	0.000000	1.000000	-0.043384	-0.021390	-0.245276	-0.000000	0.242607	-0.046147	-0.038888	-0.000000	-0.041947	-0.244771	0.028766	0.000000	-0.012099	0.351249	0.059477	1.000000
MARKER	0.233333	1.000000	1.000000	0.000000	1.000000	-0.054690	0.086555	-0.228073	-0.000000	0.243944	0.019024	-0.051276	-0.000000	-0.000397	-0.233766	-0.088620	0.000000	-0.330794	0.124534	0.291405	1.000000
MARKER	0.233333	1.000000	1.000000	0.000000	1.000000	-0.204452	0.087094	-0.114517	-0.000000	-0.000947	0.198170	0.152406	0.000000	0.143870	0.125073	-0.161735	-0.000000	0.271101	-0.200797	0.419127	1.000000
MARKER	0.233333	1.000000	1.000000	0.000000	1.000000	0.038662	0.004095	-0.246959	-0.000000	0.106818	0.225103	0.020455	-0.000000	0.222700	-0.108682	0.033062	0.000000	-0.279366	-0.317200	0.414738	1.000000
MARKER	0.233333	1.000000	1.000000	0.000000	1.000000	-0.210229	0.133327	-0.022975	-0.000000	0.058097	0.127306	0.207166	0.000000	0.122183	0.168870	-0.138037	-0.000000	-0.140905	-0.261812	-0.075801	1.000000
MARKER	0.233333	1.000000	1.000000	0.000000	1.000000	0.045560	-0.082381	-0.231598	-0.000000	0.101834	-0.208054	0.094039	0.000000	-0.223728	-0.111476	-0.004359	0.000000	0.345703	0.472119	0.374647	1.000000
MARKER	0.233333	1.000000	1.000000	0.000000	1.000000	-0.245552	0.046947	-0.000047	0.000000	0.046761	0.244559	-0.022451	-0.000000	-0.004170	-0.022061	-0.248990	-0.000000	0.285397	-0.291725	-0.125702	1.000000
MARKER	0.233333	1.000000	1.000000	0.000000	1.000000	-0.235618	-0.014298	-0.082338	0.000000	-0.043382	0.231453	0.083948	-0.000000	0.071428	0.093407	-0.220620	-0.000000	0.159933	-0.232744	0.210036	1.000000
MARKER	0.233333	1.000000	1.000000	0.000000	1.000000	0.091195	0.061388	-0.224533	-0.000000	0.071029	-0.236987	-0.035944	0.000000	-0.221672	-0.050682	-0.103889	0.000000	0.282048	0.471084	0.100721	1.000000
MARKER	0.233333	1.000000	1.000000	0.000000	1.000000	-0.081664	-0.003938	-0.236253	-0.000000	0.171253	0.171237	-0.062051	-0.000000	0.162798	-0.182106	-0.053238	0.000000	-0.137386	0.432599	0.417663	1.000000
MARKER	0.233333	1.000000	1.000000	0.000000	1.000000	-0.005796	0.039949	-0.246719	-0.000000	0.249902	0.004788	-0.005096	-0.000000	0.003911	-0.246741	-0.040045	0.000000	-0.215357	0.059671	0.435229	1.000000
MARKER	0.233333	1.000000	1.000000	0.000000	1.000000	0.056444	-0.111707	-0.216415	-0.000000	0.048296	0.222874	-0.102444	-0.000000	0.238708	-0.018678	0.071900	0.000000	-0.348383	0.003040	0.290509	1.000000
MARKER	0.233333	1.000000	1.000000	0.000000	1.000000	-0.095006	0.042069	-0.227385	-0.000000	0.227406	0.061597	-0.083619	-0.000000	0.041954	-0.238613	-0.061676	0.000000	0.021990	0.089549	0.361279	1.000000
MARKER	0.233333	1.000000	1.000000	0.000000	1.000000	0.152961	0.122984	-0.154848	-0.000000	-0.037351	0.210213	0.130060	-0.000000	0.194185	-0.056441	0.146991	0.000000	-0.244254	-0.128819	-0.429424	1.000000
MARKER	0.233333	1.000000	1.000000	0.000000	1.000000	-0.181388	-0.170922	0.019596	0.000000	-0.166869	0.167859	-0.080488	-0.000000	0.041871	-0.071478	-0.235876	-0.000000	-0.353618	-0.385112	-0.135581	1.000000
MARKER	0.233333	1.000000	1.000000	0.000000	1.000000	-0.051668	-0.053550	0.238669	0.000000	0.012801	0.243009	0.057295	-0.000000	-0.244267	0.024062	-0.047481	0.000000	0.268700	-0.254615	0.120456	1.000000
MARKER	0.233333	1.000000	1.000000	0.000000	1.000000	-0.226127	-0.099732	-0.037683	0.000000	-0.105801	0.220810	0.050490	-0.000000	0.013141	0.061616	-0.241931	-0.000000	0.023909	-0.116936	0.155308	1.000000
MARKER	0.233333	1.000000	1.000000	0.000000	1.000000	-0.043887	0.000578	-0.246117	-0.000000	0.241814	-0.046446	-0.043229	-0.000000	-0.045825	-0.245647	0.007594	0.000000	-0.095827	0.446584	-0.018037	1.000000
MARKER	0.233333	1.000000	1.000000	0.000000	1.000000	-0.102768	-0.216173	0.072166	0.000000	0.226453	-0.087953	0.059019	0.000000	-0.025644	0.089630	0.231967	0.000000	0.127908	0.185804	-0.409559	1.000000
MARKER	0.233333	1.000000	1.000000	0.000000	1.000000	-0.101155	-0.200826	-0.109255	0.000000	0.213447	-0.125759	0.033541	0.000000	-0.081902	-0.079709	0.222348	0.000000	0.218604	0.254349	-0.426792	1.000000
MARKER	0.233333	1.000000	1.000000	0.000000	1.000000	-0.039754	0.042776	-0.243084	-0.000000	0.246471	-0.006194	-0.041397	-0.000000	-0.013105	-0.246235	-0.041187	0.000000	-0.172949	0.004795	0.427628	1.000000
MARKER	0.233333	1.000000	1.000000	0.000000	1.000000	-0.231935	-0.092078	0.015087	0.000000	-0.090271	0.231665	0.026125	-0.000000	-0.023603	0.018790	-0.248173	-0.000000	-0.019963	-0.318658	0.032466	1.000000
MARKER	0.233333	1.000000	1.000000	0.000000	1.000000	-0.245073	0.019416	-0.045414	0.000000	-0.046913	-0.163401	0.183301	0.000000	-0.015447	0.188210	0.163824	0.000000	-0.189612	-0.198558	-0.374222	1.000000
MARKER	0.233333	1.000000	1.000000	0.000000	1.000000	0.019222	0.053323	-0.243490	-0.000000	-0.010064	-0.243847	-0.054196	0.000000	-0.249057	0.013969	-0.016602	0.000000	0.092231	0.193414	-0.022023	1.000000
MARKER	0.233333	1.000000	1.000000	0.000000	1.000000	0.060563	-0.009750	-0.242357	-0.000000	0.010253	0.249678	-0.007483	-0.000000	0.242337	-0.008127	0.060885	-0.000000	-0.468301	-0.151446	0.409610	1.000000
MARKER	0.233333	1.000000	1.000000	0.000000	1.000000	0.121322	0.218317	0.010901	-0.000000	-0.179608	0.092457	0.147285	0.000000	0.124587	-0.079307	0.201714	0.000000	-0.380506	0.446928	-0.482282	1.000000
MARKER	0.233333	1.000000	1.000000	0.000000	1.000000	-0.249566	-0.011309	0.009434	0.000000	0.013288	-0.103863	0.227015	0.000000	-0.006350	0.227123	0.104283	-0.000000	0.180271	-0.084184	-0.240456	1.000000
MARKER	0.233333	1.000000	1.000000	0.000000	1.000000	-0.088508	-0.202716	-0.116500	0.000000	0.203922	-0.127867	0.067571	0.000000	-0.114377	-0.071106	0.210623	0.000000	0.249427	0.382696	-0.392071	1.000000
MARKER	0.233333	1.000000	1.000000	0.000000	1.000000	-0.082085	0.197658	0.129204	0.000000	-0.227456	-0.102936	0.012967	0.000000	0.063451	-0.113295	0.213631	0.000000	-0.278466	0.167834	-0.207275	1.000000
MARKER	0.233333	1.000000	1.000000	0.000000	1.000000	-0.239207	0.019037	0.070127	0.000000	-0.039035	-0.237165	-0.068768	0.000000	0.061290	-0.076749	0.229898	0.000000	-0.151923	0.395772	-0.468200	1.000000
MARKER	0.233333	1.000000	1.000000	0.000000	1.000000	-0.047281	0.011320	-0.245227	-0.000000	0.236912	-0.063331	-0.048601	-0.000000	-0.064322	-0.241580	0.001250	0.000000	0.014597	0.272965	0.035734	1.000000
MARKER	0.233333	1.000000	1.000000	0.000000	1.000000	-0.066046	-0.218232	-0.102531	0.000000	0.203386	-0.107522	0.097843	0.000000	-0.129507	-0.057565	0.205947	0.000000	0.228936	0.426335	-0.354797	1.000000
MARKER	0.233333	1.000000	1.000000	0.000000	1.000000	-0.211368	-0.063776	-0.117287	0.000000	-0.117063	0.194129	0.105404	0.000000	0.064187	0.144036	-0.193994	-0.000000	-0.007418	-0.195379	0.286651	1.000000
MARKER	0.233333	1.000000	1.000000	0.000000	1.000000	-0.211341	-0.130621	-0.027805	0.000000	-0.133418	0.208806	0.033165	-0.000000	0.005895	0.042875	-0.246225	-0.000000	-0.046743	-0.159422	0.096191	1.000000
MARKER	0.233333	1.000000	1.000000	0.000000	1.000000	0.070625	-0.214297	0.107653	0.000000	0.124053	0.128688	0.174786	0.000000	-0.205239	0.004042	0.142691	0.000000	0.420169	-0.375249	-0.084434	1.000000
MARKER	0.233333	1.000000	1.000000	0.000000	1.000000	-0.087262	-0.179194	-0.150913	0.000000	0.185041	-0.151487	0.072880	0.000000	-0.143684	-0.086262	0.185509	0.000000	0.225109	0.307434	-0.340700	1.000000
MARKER	0.233333	1.000000	1.000000	0.000000	1.000000	0.126623	-0.019851	-0.214645	-0.000000	0.037160	-0.243201	0.044414	0.000000	-0.212334	-0.054401	-0.120228	-0.000000	0.205248	0.436720	0.226321	1.000000
MARKER	0.233333	1.000000	1.000000	0.000000	1.000000	-0.035187	0.007144	-0.247408	-0.000000	-0.018173	-0.249296	-0.004614	0.000000	-0.246843	0.017335	0.035607	0.000000	0.061646	-0.005345	0.035064	1.000000
MARKER	0.233333	1.000000	1.000000	0.000000	1.000000	0.076822	-0.077578	-0.224900	-0.000000	0.006476	0.236929	-0.079516	-0.000000	0.237816	0.018608	0.074815	-0.000000	-0.441448	0.016633	0.339848	1.000000
MARKER	0.233333	1.000000	1.000000	0.000000	1.000000	-0.069933	0.005632	-0.239953	-0.000000	0.189312	0.154935	-0.051537	-0.000000	0.147548	-0.196121	-0.047605	0.000000	-0.137259	0.371659	0.448478	1.000000
MARKER	0.233333	1.000000	1.000000	0.000000	1.000000	-0.169812	0.151863	-0.102964	-0.000000	0.070989	0.183749	0.153937	-0.000000	0.169188	0.075324	-0.167934	-0.000000	0.453077	-0.458201	0.454017	1.000000
MARKER	0.233333	1.000000	1.000000	0.000000	1.000000	-0.249793	-0.006584	0.007763	0.000000	0.008450	-0.027842	0.248301	0.000000	-0.005675	0.248358	0.028041	-0.000000	0.227769	0.077693	-0.238464	1.000000
MARKER	0.233333	1.000000	1.000000	0.000000	1.000000	-0.021667	-0.052482	-0.243467	-0.000000	0.139137	-0.205246	0.031860	0.000000	-0.206571	-0.132740	0.046996	0.000000	0.459567	0.119608	0.187976	1.000000
MARKER	0.233333	1.000000	1.000000	0.000000	1.000000	-0.233292	-0.045285	-0.077615	0.000000	-0.076062	-0.015463	0.237646	0.000000	-0.047848	0.245378	0.000652	-0.000000	-0.044834	-0.184804	-0.138982	1.000000
MARKER	0.233333	1.000000	1.000000	0.000000	1.000000	-0.030980	0.232760	0.085807	-0.000000	-0.245992	-0.040001	0.019694	0.000000	0.032065	-0.081991	0.233986	0.000000	-0.308713	0.355114	-0.182408	1.000000
MARKER	0.233333	1.000000	1.000000	0.000000	1.000000	-0.051729	0.227875	0.088865	-0.000000	-0.238008	-0.067826	0.035379	0.000000	0.056358	-0.077281	0.230979	0.000000	-0.267591	0.304648	-0.154644	1.000000
MARKER	0.233333	1.000000	1.000000	0.000000	1.000000	-0.247086	0.035978	0.012410	0.000000	-0.016916	-0.176851	0.175890	0.000000	0.034092	0.173001	0.177225	0.000000	-0.136849	-0.223134	-0.430317	1.000000
MARKER	0.233333	1.000000	1.000000	0.000000	1.000000	0.047764	-0.127108	0.209910	0.000000	0.071007	0.211860	0.112132	-0.000000	-0.234897	0.038196	0.076579	0.000000	0.331364	-0.343651	-0.289913	1.000000
MARKER	0.233333	1.000000	1.000000	0.000000	1.000000	-0.232705	0.060164	-0.068765	-0.000000	0.010315	0.204247	0.143794	-0.000000	0.090785	0.131009	-0.192600	-0.000000	-0.367433	-0.021592	-0.195385	1.000000
MARKER	0.233333	1.000000	1.000000	0.000000	1.000000	-0.204728	0.080125	-0.119024	-0.000000	0.014759	0.218047	0.121399	-0.000000	0.142719	0.092389	-0.183291	-0.000000	0.346275	-0.178721	0.372019	1.000000
MARKER	0.233333	1.000000	1.000000	0.000000	1.000000	-0.189194	-0.075794	-0.144779	-0.000000	-0.135879	-0.050085	0.203785	0.000000	-0.090787	0.232909	-0.003292	-0.000000	-0.434611	-0.434544	-0.412007	1.000000
MARKER	0.233333	1.000000	1.000000	0.000000	1.000000	-0.054010	0.078502	-0.231128	-0.000000	0.243199	-0.002975	-0.057841	-0.000000	-0.020913	-0.237336	-0.075724	0.000000	-0.426390	0.136100	0.055504	1.000000
MARKER	0.233333	1.000000	1.000000	0.000000	1.000000	-0.037815	-0.067540	0.237715	0.000000	0.042718	0.235075	0.073585	-0.000000	-0.243403	0.051749	-0.024016	0.000000	0.400940	-0.445089	0.151677	1.000000
MARKER	0.233333	1.000000	1.000000	0.000000	1.000000	-0.046862	-0.071574	-0.234907	-0.000000	0.133888	0.193028	-0.085523	-0.000000	0.205859	-0.141836	0.002149	0.000000	-0.162697	0.091793	-0.230176	1.000000
MARKER	0.233333	1.000000	1.000000	0.000000	1.000000	-0.193847	0.052362	0.148934	0.000000	-0.005110	-0.237806	0.076956	0.000000	0.157788	0.056627	0.185462	0.000000	-0.120481	0.169152	-0.475864	1.000000
MARKER	0.233333	1.000000	1.000000	0.000000	1.000000	0.039803	-0.153445	0.193314	0.000000	0.092912	0.190723	0.132257	-0.000000	-0.228655	0.050788	0.087393	0.000000	0.208660	-0.462044	-0.225419	1.000000
MARKER	0.233333	1.000000	1.000000	0.000000	1.000000	-0.157835	-0.192532	0.022794	0.000000	0.175641	-0.129553	0.121927	0.000000	-0.082087	0.092992	0.217058	0.000000	0.324406	0.220685	-0.217569	1.000000
MARKER	0.233333	1.000000	1.000000	0.000000	1.000000	-0.225844	0.006349	0.107025	0.000000	0.073815	-0.171785	0.165956	0.000000	0.077755	0.181521	0.153311	-0.000000	0.273299	-0.240891	-0.394392	1.000000
MARKER	0.233333	1.000000	1.000000	0.000000	1.000000	-0.198285	0.126923	-0.084105	-0.000000	0.071999	0.199840	0.131833	-0.000000	0.134160	0.080340	-0.195055	-0.000000	0.338125	-0.433475	0.337661	1.000000
MARKER	0.233333	1.000000	1.000000	0.000000	1.000000	-0.126233	-0.163244	0.141126	0.000000	0.215699	-0.090710	0.088010	0.000000	-0.006262	0.166202	0.186649	0.000000	0.083476	0.205692	-0.355405	1.000000
MARKER	0.233333	1.000000	1.000000	0.000000	1.000000	-0.035843	-0.097729	-0.227298	-0.000000	0.035480	-0.229327	0.093007	0.000000	-0.244860	-0.018924	0.046749	0.000000	0.231546	0.318783	0.444949	1.000000
MARKER	0.233333	1.000000	1.000000	0.000000	1.000000	-0.189929	-0.010454	0.162227	0.000000	0.135709	-0.147548	0.149374	0.000000	0.089499	0.201544	0.117770	-0.000000	0.385133	-0.169095	-0.472091	1.000000
MARKER	0.233333	1.000000	1.000000	0.000000	1.000000	-0.217517	-0.008088	-0.122966	-0.000000	0.029478	-0.245634	-0.035988	0.000000	-0.119655	-0.045811	0.214672	0.000000	0.190715	0.190239	0.046105	1.000000
MARKER	0.233333	1.000000	1.000000	0.000000	1.000000	-0.039961	-0.246502	-0.011833	0.000000	0.012710	-0.014027	0.249282	0.000000	-0.246458	0.039245	0.014774	0.000000	0.444151	0.205499	-0.008837	1.000000
MARKER	0.233333	1.000000	1.000000	0.000000	1.000000	0.058250	-0.153811	-0.188279	-0.000000	-0.007890	0.192310	-0.159545	-0.000000	0.242991	0.043116	0.039955	-0.000000	-0.433896	0.039930	0.141923	1.000000
MARKER	0.233333	1.000000	1.000000	0.000000	1.000000	-0.086791	0.084337	-0.218757	-0.000000	0.231051	0.070350	-0.064546	-0.000000	0.039784	-0.224584	-0.102368	0.000000	-0.382026	0.293333	0.042064	1.000000
MARKER	0.233333	1.000000	1.000000	0.000000	1.000000	-0.037290	0.023077	-0.246124	-0.000000	0.245748	-0.023508	-0.039437	-0.000000	-0.026783	-0.247820	-0.019178	0.000000	-0.029364	-0.101015	0.465905	1.000000
MARKER	0.233333	1.000000	1.000000	0.000000	1.000000	-0.205468	-0.000638	0.142417	0.000000	0.109933	-0.159643	0.157888	0.000000	0.090541	0.192389	0.131487	-0.000000	0.342481	-0.197092	-0.436252	1.000000
MARKER	0.233333	1.000000	1.000000	0.000000	1.000000	0.000172	-0.011917	-0.249716	-0.000000	0.099622	-0.229029	0.010999	0.000000	-0.229293	-0.099516	0.004591	0.000000	0.332298	0.153739	0.101058	1.000000
MARKER	0.233333	1.000000	1.000000	0.000000	1.000000	-0.211661	-0.116688	0.063904	0.000000	-0.119047	0.219727	0.006914	-0.000000	-0.059393	-0.024576	-0.241596	-0.000000	-0.033689	-0.353763	-0.043934	1.000000
MARKER	0.233333	1.000000	1.000000	0.000000	1.000000	-0.248804	0.008865	0.022763	0.000000	-0.015036	-0.239175	-0.071199	0.000000	0.019253	-0.072227	0.238564	0.000000	-0.043765	0.350962	-0.463833	1.000000
MARKER	0.233333	1.000000	1.000000	0.000000	1.000000	-0.159524	-0.192152	-0.011392	0.000000	-0.188384	0.152808	0.060506	0.000000	-0.039542	0.047193	-0.242300	-0.000000	-0.188550	-0.259109	0.146661	1.000000
MARKER	0.233333	1.000000	1.000000	0.000000	1.000000	-0.051707	0.078280	0.231729	0.000000	-0.132833	-0.207867	0.040579	0.000000	0.205382	-0.114732	0.084586	0.000000	-0.466668	0.234341	-0.275608	1.000000
MARKER	0.233333	1.000000	1.000000	0.000000	1.000000	-0.208578	-0.137392	-0.010892	0.000000	-0.137240	0.208862	-0.006474	-0.000000	0.012658	0.000578	-0.249679	-0.000000	-0.262729	-0.411691	0.121070	1.000000
MARKER	0.233333	1.000000	1.000000	0.000000	1.000000	-0.130926	-0.194618	0.086499	0.000000	0.101981	-0.146429	-0.175096	-0.000000	0.186971	-0.056414	0.156075	0.000000	-0.220869	-0.358981	0.022735	1.000000
MARKER	0.233333	1.000000	1.000000	0.000000	1.000000	0.191297	0.121891	0.105109	-0.000000	-0.137231	0.208830	0.007586	-0.000000	-0.084101	-0.063502	0.226704	0.000000	0.372629	0.021139	0.205695	1.000000
MARKER	0.233333	1.000000	1.000000	0.000000	1.000000	0.055213	0.009345	-0.243648	-0.000000	0.056268	0.242585	0.022055	-0.000000	0.237245	-0.059709	0.051472	0.000000	-0.371873	-0.227732	0.443235	1.000000
MARKER	0.233333	1.000000	1.000000	0.000000	1.000000	0.218090	-0.121876	-0.009117	0.000000	0.118580	0.215526	-0.044579	-0.000000	0.029592	0.034564	0.245824	0.000000	-0.316754	-0.362831	0.194031	1.000000
MARKER	0.233333	1.000000	1.000000	0.000000	1.000000	-0.234080	-0.044212	-0.075843	0.000000	-0.077283	0.206232	0.118304	0.000000	0.041643	0.134216	-0.206766	-0.000000	-0.471099	-0.058865	-0.251809	1.000000
MARKER	0.233333	1.000000	1.000000	0.000000	1.000000	-0.248909	-0.023331	0.000082	0.000000	-0.023289	0.248517	0.014040	-0.000000	-0.001391	0.013971	-0.249605	-0.000000	0.085322	-0.318099	-0.027730	1.000000
MARKER	0.233333	1.000000	1.000000	0.000000	1.000000	0.013083	-0.083769	-0.235184	-0.000000	0.036930	0.233566	-0.081138	-0.000000	0.246911	-0.030495	0.024597	-0.000000	-0.438066	-0.355848	0.104960	1.000000
MARKER	0.233333	1.000000	1.000000	0.000000	1.000000	0.049616	0.092313	-0.226973	-0.000000	0.078257	-0.225421	-0.074575	0.000000	-0.232194	-0.056248	-0.073635	0.000000	0.288674	0.217670	-0.040929	1.000000
MARKER	0.233333	1.000000	1.000000	0.000000	1.000000	0.144593	0.036020	-0.200737	-0.000000	0.033919	-0.246890	-0.019869	0.000000	-0.201103	-0.015744	-0.147682	-0.000000	0.192158	0.090425	0.192016	1.000000
MARKER	0.233333	1.000000	1.000000	0.000000	1.000000	-0.186285	0.120931	-0.114776	-0.000000	0.016942	0.184940	0.167362	0.000000	0.165864	0.116930	-0.146002	-0.000000	0.315456	-0.257615	0.463140	1.000000
MARKER	0.233333	1.000000	1.000000	0.000000	1.000000	0.002872	0.043196	-0.246223	-0.000000	0.048853	-0.241589	-0.041814	0.000000	-0.245164	-0.047634	-0.011216	0.000000	0.194213	-0.011273	-0.060146	1.000000
MARKER	0.233333	1.000000	1.000000	0.000000	1.000000	0.012224	-0.180860	-0.172164	-0.000000	-0.011068	0.171808	-0.181272	-0.000000	0.249456	0.016485	0.000394	-0.000000	-0.440281	-0.071848	0.123341	1.000000
MARKER	0.233333	1.000000	1.000000	0.000000	1.000000	-0.233371	-0.059596	0.066979	0.000000	-0.074972	0.232144	-0.054665	-0.000000	-0.049163	-0.071115	-0.234575	-0.000000	0.051765	-0.425887	-0.155939	1.000000
MARKER	0.233333	1.000000	1.000000	0.000000	1.000000	0.101857	-0.145651	-0.175815	-0.000000	0.208328	0.138056	0.006323	-0.000000	0.093405	-0.149085	0.177621	0.000000	-0.137582	0.044886	0.290154	1.000000
MARKER	0.233333	1.000000	1.000000	0.000000	1.000000	-0.002893	-0.030740	-0.248086	-0.000000	0.110353	0.222463	-0.028852	-0.000000	0.224307	-0.109842	0.010994	0.000000	-0.343420	0.078617	-0.075051	1.000000
MARKER	0.233333	1.000000	1.000000	0.000000	1.000000	0.037624	-0.169077	0.180270	0.000000	0.137509	0.165838	0.126842	-0.000000	-0.205367	0.080066	0.117957	0.000000	0.434286	-0.074047	-0.233204	1.000000
MARKER	0.233333	1.000000	1.000000	0.000000	1.000000	-0.069989	-0.239954	0.004873	0.000000	0.014397	0.000870	0.249584	0.000000	-0.239571	0.070153	0.013575	0.000000	0.466372	0.128195	-0.047634	1.000000
MARKER	0.233333	1.000000	1.000000	0.000000	1.000000	-0.233475	0.087798	-0.016757	0.000000	-0.015666	0.005949	0.249438	0.000000	0.087999	0.234000	-0.000054	-0.000000	-0.056194	-0.461933	-0.463101	1.000000
MARKER	0.233333	1.000000	1.000000	0.000000	1.000000	-0.033389	-0.121172	-0.216107	-0.000000	0.247159	-0.031467	-0.020543	-0.000000	-0.017244	-0.216396	0.123998	0.000000	0.195448	0.366564	0.233091	1.000000
MARKER	0.233333	1.000000	1.000000	0.000000	1.000000	-0.240523	-0.002244	0.068145	0.000000	-0.008055	-0.247179	-0.036572	0.000000	0.067704	-0.037381	0.237737	0.000000	-0.130392	0.450001	-0.414803	1.000000
MARKER	0.233333	1.000000	1.000000	0.000000	1.000000	-0.246869	-0.009469	-0.038290	0.000000	-0.020340	0.238494	0.072160	-0.000000	0.033794	0.074371	-0.236277	-0.000000	0.215287	-0.116446	0.210436	1.000000
MARKER	0.233333	1.000000	1.000000	0.000000	1.000000	-0.130134	0.032741	0.210934	0.000000	-0.198205	-0.110246	-0.105169	0.000000	0.079245	-0.221977	0.083344	0.000000	0.053587	0.465583	-0.168808	1.000000
MARKER	0.233333	1.000000	1.000000	0.000000	1.000000	0.116772	-0.136328	-0.174009	-0.000000	0.203120	0.143819	0.023632	-0.000000	0.087217	-0.152417	0.177939	0.000000	-0.116649	0.088085	0.331815	1.000000
MARKER	0.233333	1.000000	1.000000	0.000000	1.000000	-0.102153	0.195252	0.118073	0.000000	-0.211972	-0.129087	0.030075	0.000000	0.084456	-0.087824	0.218298	0.000000	-0.188402	0.166960	-0.163887	1.000000
MARKER	0.233333	1.000000	1.000000	0.000000	1.000000	-0.201619	-0.089192	-0.117875	0.000000	-0.140875	0.176319	0.107545	0.000000	0.044766	0.153155	-0.192457	-0.000000	-0.081272	-0.163795	0.294401	1.000000
MARKER	0.233333	1.000000	1.000000	0.000000	1.000000	0.119055	-0.042094	-0.215764	-0.000000	0.002974	-0.245043	0.049447	0.000000	-0.219812	-0.026114	-0.116193	-0.000000	0.192946	0.237106	0.397918	1.000000
MARKER	0.233333	1.000000	1.000000	0.000000	1.000000	0.018793	0.058007	0.242450	0.000000	-0.011903	0.243069	-0.057233	-0.000000	-0.249008	-0.007241	0.021034	0.000000	0.355085	-0.098919	0.181107	1.000000
MARKER	0.233333	1.000000	1.000000	0.000000	1.000000	-0.206658	-0.073540	-0.119935	0.000000	-0.122885	-0.009412	0.217510	0.000000	-0.068498	0.238754	-0.028367	-0.000000	-0.196139	-0.203294	-0.229994	1.000000
MARKER	0.233333	1.000000	1.000000	0.000000	1.000000	-0.098136	-0.110168	-0.201822	-0.000000	-0.204819	-0.057836	0.131164	0.000000	-0.104491	0.216836	-0.067555	-0.000000	-0.376923	-0.209649	-0.232445	1.000000
MARKER	0.233333	1.000000	1.000000	0.000000	1.000000	-0.239315	-0.059348	-0.041308	0.000000	-0.068520	0.231751	0.064004	-0.000000	0.023098	0.072590	-0.238112	-0.000000	0.100910	-0.095510	0.182430	1.000000
MARKER	0.233333	1.000000	1.000000	0.000000	1.000000	-0.239139	0.011402	-0.071991	0.000000	-0.008361	0.241001	0.065945	-0.000000	0.072407	0.065488	-0.230149	-0.000000	0.220015	-0.270542	0.161638	1.000000
MARKER	0.233333	1.000000	1.000000	0.000000	1.000000	-0.033442	0.045852	0.243473	0.000000	0.067083	0.238180	-0.035641	-0.000000	-0.238498	0.060564	-0.044165	-0.000000	0.149459	-0.376032	-0.270948	1.000000
MARKER	0.233333	1.000000	1.000000	0.000000	1.000000	-0.131781	-0.152307	-0.148109	0.000000	0.162185	-0.184700	0.045629	0.000000	-0.137222	-0.072032	0.196167	0.000000	0.290281	0.286021	-0.385024	1.000000
MARKER	0.233333	1.000000	1.000000	0.000000	1.000000	-0.218121	-0.004275	-0.122086	-0.000000	-0.074525	0.202625	0.126052	0.000000	0.096795	0.146372	-0.178061	-0.000000	0.047038	-0.116631	0.348668	1.000000
MARKER	0.233333	1.000000	1.000000	0.000000	1.000000	0.079776	-0.139822	-0.191273	-0.000000	0.232702	0.084195	0.035508	-0.000000	0.044557	-0.189370	0.157015	0.000000	-0.123185	-0.109924	0.344100	1.000000
MARKER	0.233333	1.000000	1.000000	0.000000	1.000000	-0.196466	0.112342	0.106209	0.000000	0.093714	-0.050058	0.226300	0.000000	0.122959	0.217654	-0.002774	-0.000000	0.441400	0.003659	-0.303913	1.000000
MARKER	0.233333	1.000000	1.000000	0.000000	1.000000	-0.034364	0.063167	-0.239435	-0.000000	0.247600	0.012305	-0.032290	-0.000000	0.003627	-0.241575	-0.064252	0.000000	-0.277648	0.095427	0.353314	1.000000
MARKER	0.233333	1.000000	1.000000	0.000000	1.000000	0.049133	-0.034416	-0.242696	-0.000000	0.042873	0.244915	-0.026051	-0.000000	0.241346	-0.036500	0.054035	-0.000000	-0.451750	-0.415268	0.164700	1.000000
MARKER	0.233333	1.000000	1.000000	0.000000	1.000000	0.119929	-0.011346	-0.219062	-0.000000	0.007335	-0.249318	0.016929	0.000000	-0.219233	-0.014549	-0.119269	-0.000000	0.142152	0.106204	0.276925	1.000000
MARKER	0.233333	1.000000	1.000000	0.000000	1.000000	-0.220231	0.089949	-0.076859	-0.000000	0.053849	0.220814	0.104123	-0.000000	0.105349	0.075169	-0.213895	-0.000000	-0.274826	-0.082897	-0.277849	1.000000
MARKER	0.233333	1.000000	1.000000	0.000000	1.000000	-0.079845	0.107992	-0.210862	-0.000000	0.236736	0.044824	-0.066686	-0.000000	0.009001	-0.220972	-0.116578	0.000000	-0.308190	0.163063	0.241238	1.000000
MARKER	0.233333	1.000000	1.000000	0.000000	1.000000	-0.241527	0.021529	0.060838	0.000000	0.030605	-0.169278	0.181406	0.000000	0.056817	0.182705	0.160905	0.000000	0.078906	-0.235789	-0.397431	1.000000
MARKER	0.233333	1.000000	1.000000	0.000000	1.000000	-0.109696	-0.104832	-0.198688	-0.000000	-0.206615	-0.039719	0.135029	0.000000	-0.088188	0.223456	-0.069211	-0.000000	-0.427497	-0.132396	-0.163030	1.000000
MARKER	0.233333	1.000000	1.000000	0.000000	1.000000	-0.207392	-0.139453	0.006427	0.000000	-0.129774	0.188346	-0.100918	-0.000000	0.051451	-0.087055	-0.228635	-0.000000	-0.273513	-0.390431	-0.165053	1.000000
MARKER	0.233333	1.000000	1.000000	0.000000	1.000000	0.069566	-0.206936	0.121812	0.000000	0.091454	0.140095	0.185767	0.000000	-0.222029	-0.007131	0.114684	0.000000	0.379726	-0.443251	-0.148651	1.000000
MARKER	0.233333	1.000000	1.000000	0.000000	1.000000	-0.110222	-0.223962	0.013855	0.000000	0.207789	-0.096046	0.100493	0.000000	-0.084703	0.055822	0.228493	0.000000	0.034524	0.150050	-0.332831	1.000000
MARKER	0.233333	1.000000	1.000000	0.000000	1.000000	-0.242070	0.028063	-0.055808	0.000000	0.007833	0.235225	0.084307	-0.000000	0.061974	0.079884	-0.228643	-0.000000	0.312718	-0.183802	0.272761	1.000000
MARKER	0.233333	1.000000	1.000000	0.000000	1.000000	0.104555	-0.226471	0.016707	0.000000	-0.174306	-0.091825	-0.153902	-0.000000	0.145553	0.052717	-0.196304	-0.000000	-0.475005	0.230497	0.389104	1.000000
MARKER	0.233333	1.000000	1.000000	0.000000	1.000000	-0.071776	-0.074197	0.227691	0.000000	-0.239405	0.027973	-0.066353	-0.000000	-0.005784	-0.237091	-0.079084	0.000000	-0.113915	0.092096	0.166861	1.000000
MARKER	0.233333	1.000000	1.000000	0.000000	1.000000	0.026842	-0.107147	-0.224275	-0.000000	0.093507	-0.204654	0.108964	0.000000	-0.230295	-0.095585	0.018103	0.000000	0.344985	0.424941	0.478791	1.000000
MARKER	0.233333	1.000000	1.000000	0.000000	1.000000	-0.164484	-0.083325	-0.168826	-0.000000	-0.162870	-0.049474	0.183100	0.000000	-0.094437	0.230455	-0.021733	-0.000000	-0.297824	-0.167697	-0.109193	1.000000
MARKER	0.233333	1.000000	1.000000	0.000000	1.000000	-0.249811	-0.002552	0.009375	0.000000	-0.002217	0.249831	0.008921	-0.000000	-0.009460	0.008831	-0.249665	-0.000000	0.208230	-0.237246	-0.063354	1.000000
MARKER	0.233333	1.000000	1.000000	0.000000	1.000000	-0.234527	0.028923	0.081613	0.000000	0.079244	-0.023267	0.235964	0.000000	0.034894	0.247229	0.012659	-0.000000	0.410274	0.073308	-0.233442	1.000000
MARKER	0.233333	1.000000	1.000000	0.000000	1.000000	-0.050584	-0.234521	0.070293	0.000000	0.084871	-0.084124	-0.219591	-0.000000	0.229648	-0.020568	0.096638	0.000000	-0.387931	0.199396	-0.058457	1.000000
MARKER	0.233333	1.000000	1.000000	0.000000	1.000000	-0.212739	0.021444	0.129546	0.000000	0.119590	-0.070209	0.208012	0.000000	0.054223	0.238979	0.049487	-0.000000	0.401864	-0.010511	-0.378696	1.000000
MARKER	0.233333	1.000000	1.000000	0.000000	1.000000	-0.130686	-0.211312	-0.027719	0.000000	0.196013	-0.131938	0.081678	0.000000	-0.083667	0.020964	0.234649	0.000000	0.330831	0.222757	-0.287584	1.000000
MARKER	0.233333	1.000000	1.000000	0.000000	1.000000	-0.226947	0.081777	-0.065632	-0.000000	0.064625	0.232311	0.065993	-0.000000	0.082575	0.042941	-0.232029	-0.000000	0.343213	-0.473334	0.186570	1.000000
MARKER	0.233333	1.000000	1.000000	0.000000	1.000000	-0.194830	-0.151159	0.041141	0.000000	-0.074060	0.146727	0.188378	0.000000	-0.138045	0.134619	-0.159127	-0.000000	-0.038210	-0.422196	-0.142188	1.000000
MARKER	0.233333	1.000000	1.000000	0.000000	1.000000	-0.225799	-0.106936	-0.008922	0.000000	-0.106685	0.225947	-0.008141	-0.000000	0.011546	-0.003545	-0.249708	-0.000000	-0.201417	-0.481250	0.147075	1.000000
MARKER	0.233333	1.000000	1.000000	0.000000	1.000000	-0.165418	0.147828	-0.115255	-0.000000	0.063575	0.188850	0.150977	-0.000000	0.176338	0.070587	-0.162549	-0.000000	0.440159	-0.256361	0.431435	1.000000
MARKER	0.233333	1.000000	1.000000	0.000000	1.000000	-0.060051	-0.023810	-0.241510	-0.000000	-0.009571	-0.248368	0.026867	0.000000	-0.242492	0.015700	0.058748	0.000000	0.116973	0.101483	0.087138	1.000000
MARKER	0.233333	1.000000	1.000000	0.000000	1.000000	-0.038885	0.015641	0.246462	0.000000	0.080982	0.236510	-0.002233	-0.000000	-0.233302	0.079489	-0.041854	-0.000000	0.176248	-0.263840	-0.268809	1.000000
MARKER	0.233333	1.000000	1.000000	0.000000	1.000000	-0.242925	0.044179	-0.039184	0.000000	0.028247	0.232611	0.087145	-0.000000	0.051859	0.080251	-0.231020	-0.000000	0.133154	-0.435400	0.182688	1.000000
MARKER	0.233333	1.000000	1.000000	0.000000	1.000000	-0.038456	0.174498	-0.174847	-0.000000	0.103699	-0.149203	-0.171712	-0.000000	-0.224205	-0.098939	-0.049430	0.000000	0.043414	0.107884	0.171184	1.000000
MARKER	0.233333	1.000000	1.000000	0.000000	1.000000	0.082305	-0.128779	-0.197843	-0.000000	0.214829	0.127709	0.006244	-0.000000	0.097849	-0.172066	0.152706	0.000000	-0.170106	-0.031714	0.265960	1.000000
MARKER	0.233333	1.000000	1.000000	0.000000	1.000000	0.019263	0.132261	0.211272	0.000000	-0.143294	0.179262	-0.099156	-0.000000	-0.203950	-0.113457	0.089621	0.000000	0.399178	0.015849	0.064055	1.000000
MARKER	0.233333	1.000000	1.000000	0.000000	1.000000	0.043089	-0.025206	-0.244965	-0.000000	0.177550	0.175507	0.013172	-0.000000	0.170644	-0.176244	0.048151	0.000000	-0.054313	0.049138	0.014925	1.000000
MARKER	0.233333	1.000000	1.000000	0.000000	1.000000	0.154117	-0.196321	0.014347	0.000000	-0.084306	-0.082296	-0.220499	-0.000000	0.177877	0.131092	-0.116938	-0.000000	-0.191087	-0.105150	0.402986	1.000000
MARKER	0.233333	1.000000	1.000000	0.000000	1.000000	-0.229831	-0.045721	-0.087105	0.000000	-0.070441	-0.078036	0.226823	0.000000	-0.068671	0.233066	0.058858	-0.000000	0.011577	-0.026179	-0.346928	1.000000
