MARKER	0.043750	1.000000	1.000000	0.000000	1.000000	0.399760	1.205914	-0.404651	0.000000	-0.974326	0.562980	0.715206	0.000000	0.817715	0.081263	1.050008	0.000000	-0.161372	0.346867	-0.186066	1.000000
MARKER	0.043750	1.000000	1.000000	0.000000	1.000000	0.671067	-0.843041	0.785321	0.000000	0.867465	-0.228414	-0.986463	0.000000	0.758255	1.007416	0.433521	0.000000	-0.193893	-0.427425	-0.126431	1.000000
MARKER	0.043750	1.000000	1.000000	0.000000	1.000000	-0.533819	-1.221748	0.012140	0.000000	-0.567262	0.236096	-1.183322	0.000000	1.082141	-0.478924	-0.614312	0.000000	-0.428354	-0.043551	0.063371	1.000000
MARKER	0.043750	1.000000	1.000000	0.000000	1.000000	1.234854	-0.385717	0.322702	0.000000	0.131640	-0.577822	-1.194391	0.000000	0.485371	1.138034	-0.497062	0.000000	-0.255806	-0.161552	0.123409	1.000000
MARKER	0.043750	1.000000	1.000000	0.000000	1.000000	0.992491	-0.798228	0.394426	0.000000	-0.850991	-0.676752	0.771751	0.000000	-0.261828	-0.826207	-1.013216	0.000000	0.244425	0.236063	0.367948	1.000000
MARKER	0.043750	1.000000	1.000000	0.000000	1.000000	-0.113434	1.010361	-0.862602	0.000000	-0.911036	-0.689268	-0.687533	0.000000	-0.966915	0.530904	0.748996	0.000000	0.377026	0.009129	-0.338450	1.000000
MARKER	0.043750	1.000000	1.000000	0.000000	1.000000	0.588784	-0.902405	0.785352	0.000000	0.990857	-0.122591	-0.883715	0.000000	0.670309	0.973866	0.616481	0.000000	0.011614	-0.397327	0.041678	1.000000
MARKER	0.043750	1.000000	1.000000	0.000000	1.000000	0.998838	-0.700645	0.537770	0.000000	-0.833617	-0.479581	0.923505	0.000000	-0.291859	-1.028045	-0.797320	0.000000	0.438583	-0.175196	0.431511	1.000000
MARKER	0.043750	1.000000	1.000000	0.000000	1.000000	1.179820	-0.347586	0.514768	0.000000	-0.429538	-1.254769	0.137221	0.000000	0.448664	-0.287256	-1.222278	0.000000	-0.448840	-0.408238	-0.046936	1.000000
MARKER	0.043750	1.000000	1.000000	0.000000	1.000000	0.982915	-0.578955	0.690267	0.000000	-0.486532	0.518683	1.127844	0.000000	-0.758250	-1.083308	0.171106	0.000000	0.378910	0.159140	0.067825	1.000000
MARKER	0.043750	1.000000	1.000000	0.000000	1.000000	-1.121796	-0.618929	0.369159	0.000000	-0.069286	-0.587210	-1.195057	0.000000	0.717323	-1.024641	0.461884	0.000000	-0.370219	0.291739	-0.267047	1.000000
MARKER	0.043750	1.000000	1.000000	0.000000	1.000000	1.214010	-0.295399	0.465506	0.000000	-0.113310	-1.235446	-0.488479	0.000000	0.539553	0.405204	-1.149987	0.000000	-0.394294	-0.450175	-0.005819	1.000000
MARKER	0.043750	1.000000	1.000000	0.000000	1.000000	-0.399064	-1.270824	-0.059431	0.000000	0.093542	0.032808	-1.329643	0.000000	1.268769	-0.402129	0.079337	0.000000	-0.423189	0.452221	0.297695	1.000000
MARKER	0.043750	1.000000	1.000000	0.000000	1.000000	-0.041735	1.057063	-0.811575	0.000000	-1.332558	-0.044100	0.011086	0.000000	-0.018054	0.811450	1.057828	0.000000	0.154299	0.049859	-0.383832	1.000000
MARKER	0.043750	1.000000	1.000000	0.000000	1.000000	1.295198	-0.242036	0.204104	0.000000	0.090271	-0.541561	-1.215047	0.000000	0.303465	1.194114	-0.509685	0.000000	0.096250	-0.302191	0.184083	1.000000
MARKER	0.043750	1.000000	1.000000	0.000000	1.000000	1.017449	-0.677977	0.531906	0.000000	-0.858655	-0.867082	0.537269	0.000000	0.072713	-0.752525	-1.098270	0.000000	0.222110	-0.135608	0.076972	1.000000
MARKER	0.043750	1.000000	1.000000	0.000000	1.000000	0.235030	1.310310	-0.075005	0.000000	-0.835671	0.090649	-1.034995	0.000000	-1.012024	0.229451	0.837220	0.000000	-0.096188	0.257703	-0.327929	1.000000
MARKER	0.043750	1.000000	1.000000	0.000000	1.000000	-1.238572	-0.475742	0.131861	0.000000	-0.287697	0.406161	-1.236949	0.000000	0.401184	-1.177489	-0.479946	0.000000	-0.193856	0.150466	0.194062	1.000000
MARKER	0.043750	1.000000	1.000000	0.000000	1.000000	0.226155	1.312974	-0.052257	0.000000	-0.831572	0.101952	-1.037242	0.000000	-1.017408	0.208525	0.836167	0.000000	-0.035665	0.361055	-0.351682	1.000000
MARKER	0.043750	1.000000	1.000000	0.000000	1.000000	-0.395992	-1.256007	0.208362	0.000000	1.203164	-0.440534	-0.368925	0.000000	0.416372	0.078452	1.264222	0.000000	-0.402640	0.161703	0.018551	1.000000
MARKER	0.043750	1.000000	1.000000	0.000000	1.000000	0.639257	-0.863647	0.789457	0.000000	0.887810	-0.227976	-0.968297	0.000000	0.762183	0.989909	0.465764	0.000000	-0.124459	-0.380152	-0.125501	1.000000
MARKER	0.043750	1.000000	1.000000	0.000000	1.000000	-0.371334	-1.229152	0.359268	0.000000	1.130937	-0.490247	-0.508346	0.000000	0.600724	0.163158	1.179105	0.000000	-0.462451	-0.218960	-0.316248	1.000000
MARKER	0.043750	1.000000	1.000000	0.000000	1.000000	1.006329	-0.390195	0.782833	0.000000	-0.642604	0.479772	1.065202	0.000000	-0.593414	-1.181247	0.174051	0.000000	0.229303	-0.447493	-0.387085	1.000000
MARKER	0.043750	1.000000	1.000000	0.000000	1.000000	0.620350	-0.714021	0.939744	0.000000	0.984344	0.898750	0.033083	0.000000	-0.651162	0.678381	0.945286	0.000000	-0.209431	-0.427920	-0.291051	1.000000
MARKER	0.043750	1.000000	1.000000	0.000000	1.000000	1.004898	-0.464086	0.743359	0.000000	-0.452709	0.693492	1.044941	0.000000	-0.750342	-1.039938	0.365095	0.000000	0.424553	-0.451698	0.095400	1.000000
MARKER	0.043750	1.000000	1.000000	0.000000	1.000000	-0.039962	1.005962	-0.874198	0.000000	-0.945123	-0.638019	-0.690980	0.000000	-0.939640	0.598958	0.732190	0.000000	0.290985	0.149534	-0.387155	1.000000
MARKER	0.043750	1.000000	1.000000	0.000000	1.000000	0.522963	-1.053419	0.628169	0.000000	0.972179	-0.060313	-0.910499	0.000000	0.747768	0.815138	0.744427	0.000000	0.205789	-0.004389	0.066578	1.000000
MARKER	0.043750	1.000000	1.000000	0.000000	1.000000	0.887749	-0.461449	0.881331	0.000000	-0.934008	0.020069	0.951317	0.000000	-0.342504	-1.250776	-0.309886	0.000000	0.445073	-0.278517	-0.397337	1.000000
MARKER	0.043750	1.000000	1.000000	0.000000	1.000000	0.689248	-0.900376	0.701453	0.000000	0.141398	-0.745761	-1.096187	0.000000	1.132573	0.641047	-0.290028	0.000000	-0.302835	-0.320312	-0.075441	1.000000
MARKER	0.043750	1.000000	1.000000	0.000000	1.000000	0.559999	-0.872017	0.838907	0.000000	1.065600	-0.082573	-0.797156	0.000000	0.573303	1.005259	0.662235	0.000000	0.028359	-0.357725	-0.237177	1.000000
MARKER	0.043750	1.000000	1.000000	0.000000	1.000000	-0.529429	-1.222875	-0.045374	0.000000	-1.108642	0.500243	-0.546305	0.000000	0.518071	-0.179194	-1.215430	0.000000	-0.439332	0.083940	0.148782	1.000000
MARKER	0.043750	1.000000	1.000000	0.000000	1.000000	-1.155904	-0.633649	0.200382	0.000000	0.077258	-0.527419	-1.222145	0.000000	0.660072	-1.047901	0.493951	0.000000	-0.140854	0.423558	0.052048	1.000000
MARKER	0.043750	1.000000	1.000000	0.000000	1.000000	0.969741	-0.745323	0.530917	0.000000	-0.331050	0.435441	1.215966	0.000000	-0.853104	-1.016200	0.131644	0.000000	0.456362	0.426954	0.429472	1.000000
MARKER	0.043750	1.000000	1.000000	0.000000	1.000000	-0.781310	0.989287	0.434330	0.000000	-0.912951	-0.317860	-0.918294	0.000000	-0.577800	-0.835496	0.863638	0.000000	0.072295	0.280669	0.000976	1.000000
MARKER	0.043750	1.000000	1.000000	0.000000	1.000000	1.154509	-0.627419	0.226343	0.000000	-0.568137	-1.162081	-0.323366	0.000000	0.349437	0.183552	-1.273570	0.000000	0.006547	0.239896	0.418053	1.000000
MARKER	0.043750	1.000000	1.000000	0.000000	1.000000	1.265074	-0.328858	0.263091	0.000000	-0.290496	-1.284459	-0.208696	0.000000	0.304921	0.140692	-1.290351	0.000000	-0.453037	-0.346444	0.473915	1.000000
MARKER	0.043750	1.000000	1.000000	0.000000	1.000000	-0.708989	1.080539	0.327946	0.000000	0.553928	0.670237	-1.010804	0.000000	-0.984011	-0.401242	-0.805298	0.000000	0.116295	0.342121	0.043823	1.000000
MARKER	0.043750	1.000000	1.000000	0.000000	1.000000	-0.082946	0.106657	-1.326470	0.000000	-1.330654	0.009412	0.083965	0.000000	0.016080	1.329027	0.105857	0.000000	-0.022563	0.180027	-0.214854	1.000000
MARKER	0.043750	1.000000	1.000000	0.000000	1.000000	-0.367120	-1.275768	-0.124167	0.000000	-0.321267	0.216619	-1.275791	0.000000	1.240882	-0.321358	-0.367040	0.000000	-0.070734	-0.088319	-0.124678	1.000000
MARKER	0.043750	1.000000	1.000000	0.000000	1.000000	0.175828	1.317606	-0.103814	0.000000	-1.053187	0.076401	-0.814088	0.000000	-0.798536	0.189356	1.050839	0.000000	0.053528	0.197862	-0.256149	1.000000
MARKER	0.043750	1.000000	1.000000	0.000000	1.000000	-1.064059	-0.639710	0.486135	0.000000	0.392025	-1.117547	-0.612522	0.000000	0.701336	-0.345887	1.079939	0.000000	-0.444187	0.272246	-0.345573	1.000000
MARKER	0.043750	1.000000	1.000000	0.000000	1.000000	1.310089	-0.233304	0.083751	0.000000	-0.013424	-0.516604	-1.229113	0.000000	0.247517	1.206842	-0.509947	0.000000	-0.069930	-0.358544	0.443453	1.000000
MARKER	0.043750	1.000000	1.000000	0.000000	1.000000	0.634889	0.537198	-1.042167	0.000000	1.160975	-0.122465	0.644141	0.000000	0.163801	-1.214166	-0.526069	0.000000	-0.263185	0.137940	-0.145193	1.000000
MARKER	0.043750	1.000000	1.000000	0.000000	1.000000	-0.446889	-1.255622	0.038485	0.000000	0.357661	-0.166332	-1.273652	0.000000	1.204221	-0.416562	0.392564	0.000000	-0.446714	0.140948	0.043619	1.000000
MARKER	0.043750	1.000000	1.000000	0.000000	1.000000	0.620896	-0.687080	0.959264	0.000000	1.007047	0.873469	-0.026196	0.000000	-0.614916	0.736717	0.925691	0.000000	-0.207485	-0.468996	-0.379099	1.000000
MARKER	0.043750	1.000000	1.000000	0.000000	1.000000	0.982474	-0.651636	0.622811	0.000000	-0.891127	-0.840846	0.525975	0.000000	0.135708	-0.803820	-1.055100	0.000000	0.287858	-0.207170	-0.105077	1.000000
MARKER	0.043750	1.000000	1.000000	0.000000	1.000000	1.053293	-0.617672	0.535569	0.000000	-0.538660	0.132721	1.212439	0.000000	-0.614978	-1.174157	-0.144691	0.000000	0.168540	0.060941	0.376889	1.000000
MARKER	0.043750	1.000000	1.000000	0.000000	1.000000	-0.531812	-1.211446	0.165387	0.000000	-0.114171	-0.130364	-1.322024	0.000000	1.217341	-0.541463	-0.051737	0.000000	-0.382662	-0.175928	-0.121904	1.000000
MARKER	0.043750	1.000000	1.000000	0.000000	1.000000	0.955568	-0.777764	0.509657	0.000000	-0.637523	-0.015970	1.170934	0.000000	-0.676929	-1.082869	-0.383327	0.000000	0.344701	0.333800	0.429992	1.000000
MARKER	0.043750	1.000000	1.000000	0.000000	1.000000	-0.557627	-1.123785	0.451594	0.000000	1.053168	-0.695428	-0.430110	0.000000	0.598052	0.176823	1.178493	0.000000	-0.226536	-0.349636	-0.446714	1.000000
MARKER	0.043750	1.000000	1.000000	0.000000	1.000000	-1.101195	-0.629268	0.411302	0.000000	-0.048883	-0.668007	-1.152890	0.000000	0.750172	-0.967247	0.528634	0.000000	-0.284353	0.343746	-0.376405	1.000000
MARKER	0.043750	1.000000	1.000000	0.000000	1.000000	-0.699783	-1.102846	0.267976	0.000000	-0.149449	-0.222537	-1.306109	0.000000	1.125054	-0.715531	-0.006819	0.000000	-0.122033	-0.263949	-0.344057	1.000000
MARKER	0.043750	1.000000	1.000000	0.000000	1.000000	-0.075962	1.038705	-0.832526	0.000000	-0.935633	-0.634819	-0.706664	0.000000	-0.946889	0.543944	0.765051	0.000000	0.346880	-0.008916	-0.440981	1.000000
MARKER	0.043750	1.000000	1.000000	0.000000	1.000000	0.148709	1.323432	-0.064739	0.000000	-1.101042	0.087182	-0.746916	0.000000	-0.737136	0.136765	1.102589	0.000000	0.062334	0.164723	-0.373705	1.000000
MARKER	0.043750	1.000000	1.000000	0.000000	1.000000	-0.484957	-1.163163	0.435485	0.000000	1.045532	-0.634673	-0.530879	0.000000	0.670416	0.148395	1.142934	0.000000	-0.323463	0.057642	-0.464305	1.000000
MARKER	0.043750	1.000000	1.000000	0.000000	1.000000	-0.278341	-1.290845	0.184455	0.000000	1.289892	-0.300197	-0.154392	0.000000	0.191002	0.146215	1.311456	0.000000	-0.470107	0.457940	0.230552	1.000000
MARKER	0.043750	1.000000	1.000000	0.000000	1.000000	-0.699111	-1.133305	0.068116	0.000000	-0.406070	0.174892	-1.257894	0.000000	1.060249	-0.680301	-0.436853	0.000000	-0.092663	0.058262	-0.077586	1.000000
MARKER	0.043750	1.000000	1.000000	0.000000	1.000000	1.133035	-0.555572	0.430524	0.000000	-0.664088	-0.578696	1.000938	0.000000	-0.230213	-1.065002	-0.768473	0.000000	-0.314304	-0.006805	0.307861	1.000000
MARKER	0.043750	1.000000	1.000000	0.000000	1.000000	1.140402	-0.657179	0.213019	0.000000	-0.576947	-1.132123	-0.403989	0.000000	0.379992	0.253357	-1.252675	0.000000	0.025602	0.310546	0.423306	1.000000
MARKER	0.043750	1.000000	1.000000	0.000000	1.000000	-0.513918	-1.215846	0.188110	0.000000	-0.235661	-0.102805	-1.308309	0.000000	1.207531	-0.537520	-0.175270	0.000000	-0.415984	-0.051985	-0.238499	1.000000
MARKER	0.043750	1.000000	1.000000	0.000000	1.000000	-1.299303	0.271654	0.125675	0.000000	-0.185819	-0.293193	-1.287357	0.000000	-0.234651	-1.272014	0.323568	0.000000	-0.103792	0.353730	0.161303	1.000000
MARKER	0.043750	1.000000	1.000000	0.000000	1.000000	0.931063	-0.471809	0.829636	0.000000	-0.552790	0.678235	1.006080	0.000000	-0.778025	-1.046504	0.278001	0.000000	0.399074	-0.075563	-0.302759	1.000000
MARKER	0.043750	1.000000	1.000000	0.000000	1.000000	0.507046	-1.012720	0.703620	0.000000	0.929496	-0.186086	-0.937650	0.000000	0.810383	0.847082	0.635224	0.000000	0.236118	-0.016827	-0.092619	1.000000
MARKER	0.043750	1.000000	1.000000	0.000000	1.000000	-1.236423	-0.467027	0.175845	0.000000	-0.237394	0.137186	-1.304838	0.000000	0.438953	-1.241307	-0.210367	0.000000	-0.232595	0.065374	0.133310	1.000000
MARKER	0.043750	1.000000	1.000000	0.000000	1.000000	0.498885	-0.786056	0.954467	0.000000	1.220947	0.475809	-0.246316	0.000000	-0.195394	0.966178	0.897830	0.000000	0.128579	-0.404551	-0.391289	1.000000
MARKER	0.043750	1.000000	1.000000	0.000000	1.000000	0.437070	-0.973492	0.799412	0.000000	0.750115	-0.478636	-0.992982	0.000000	1.011966	0.775240	0.390775	0.000000	0.239810	-0.189723	-0.239752	1.000000
MARKER	0.043750	1.000000	1.000000	0.000000	1.000000	1.045730	-0.599571	0.569860	0.000000	-0.599261	0.084042	1.188108	0.000000	-0.570186	-1.187952	-0.203561	0.000000	0.296510	-0.096161	0.442885	1.000000
MARKER	0.043750	1.000000	1.000000	0.000000	1.000000	0.410584	-0.923117	0.870088	0.000000	1.177589	-0.062688	-0.622199	0.000000	0.471680	0.960053	0.795986	0.000000	0.309859	-0.210113	-0.314645	1.000000
MARKER	0.043750	1.000000	1.000000	0.000000	1.000000	1.034462	-0.511194	0.668093	0.000000	-0.760405	-0.115323	1.089157	0.000000	-0.359793	-1.226034	-0.381009	0.000000	0.333614	-0.444855	0.187929	1.000000
MARKER	0.043750	1.000000	1.000000	0.000000	1.000000	1.023108	-0.498022	0.694983	0.000000	-0.338864	0.758847	1.042641	0.000000	-0.784983	-0.976680	0.455715	0.000000	0.435340	-0.393490	0.232669	1.000000
MARKER	0.043750	1.000000	1.000000	0.000000	1.000000	1.021964	-0.599538	0.611492	0.000000	-0.592499	0.192396	1.178858	0.000000	-0.618314	-1.175294	-0.118953	0.000000	0.151047	0.083933	0.101978	1.000000
MARKER	0.043750	1.000000	1.000000	0.000000	1.000000	-0.030055	1.029060	-0.847296	0.000000	-1.017799	-0.565002	-0.650105	0.000000	-0.860790	0.632129	0.798268	0.000000	0.147457	0.111203	-0.372838	1.000000
MARKER	0.043750	1.000000	1.000000	0.000000	1.000000	1.003930	-0.647424	0.592236	0.000000	-0.374883	0.497188	1.179002	0.000000	-0.793325	-1.054241	0.192325	0.000000	0.390174	0.254201	0.308762	1.000000
MARKER	0.043750	1.000000	1.000000	0.000000	1.000000	0.678163	-1.012826	0.540422	0.000000	0.727374	-0.106503	-1.112368	0.000000	0.888144	0.860591	0.498357	0.000000	-0.161874	0.110242	0.069169	1.000000
MARKER	0.043750	1.000000	1.000000	0.000000	1.000000	1.195697	-0.458200	0.371670	0.000000	-0.424948	-1.251517	-0.175791	0.000000	0.409274	0.039189	-1.268360	0.000000	-0.218782	-0.277922	0.257264	1.000000
MARKER	0.043750	1.000000	1.000000	0.000000	1.000000	1.098640	-0.597410	0.462459	0.000000	-0.755477	-0.873708	0.666083	0.000000	0.004597	-0.810872	-1.058416	0.000000	0.058966	0.177346	0.228365	1.000000
MARKER	0.043750	1.000000	1.000000	0.000000	1.000000	1.109651	-0.649685	0.352650	0.000000	-0.718011	-0.795975	0.792882	0.000000	-0.175817	-0.849771	-1.012302	0.000000	-0.323245	0.176021	0.407449	1.000000
MARKER	0.043750	1.000000	1.000000	0.000000	1.000000	1.217925	-0.346493	0.417589	0.000000	-0.230373	-1.259217	-0.372932	0.000000	0.491290	0.268501	-1.210091	0.000000	0.138861	-0.332529	0.034537	1.000000
MARKER	0.043750	1.000000	1.000000	0.000000	1.000000	0.453189	-0.910064	0.862659	0.000000	1.165125	-0.033483	-0.647410	0.000000	0.463552	0.973879	0.783873	0.000000	0.220687	-0.202273	-0.351864	1.000000
MARKER	0.043750	1.000000	1.000000	0.000000	1.000000	0.897598	-0.645701	0.745095	0.000000	-0.532167	0.530950	1.101212	0.000000	-0.829996	-1.038721	0.099719	0.000000	0.415468	0.318318	-0.110443	1.000000
MARKER	0.043750	1.000000	1.000000	0.000000	1.000000	1.176195	-0.411671	0.474204	0.000000	-0.520540	-1.202349	0.247328	0.000000	0.351256	-0.403312	-1.221367	0.000000	-0.416692	-0.296178	0.073658	1.000000
MARKER	0.043750	1.000000	1.000000	0.000000	1.000000	-0.049789	1.068156	-0.796455	0.000000	-1.328718	0.019431	0.109123	0.000000	0.099027	0.797773	1.063733	0.000000	0.209507	-0.031721	-0.390624	1.000000
MARKER	0.043750	1.000000	1.000000	0.000000	1.000000	1.012818	-0.634039	0.591584	0.000000	-0.627449	0.092040	1.172866	0.000000	-0.598569	-1.169316	-0.228455	0.000000	0.140875	0.136206	0.130608	1.000000
MARKER	0.043750	1.000000	1.000000	0.000000	1.000000	0.232385	1.267275	-0.343205	0.000000	-1.210294	0.071678	-0.554823	0.000000	-0.508885	0.408233	1.162824	0.000000	0.454879	0.402878	-0.303911	1.000000
MARKER	0.043750	1.000000	1.000000	0.000000	1.000000	0.406762	-0.027423	-1.269477	0.000000	0.628365	-1.154009	0.226268	0.000000	-1.103395	-0.667299	-0.339131	0.000000	0.224675	0.186166	-0.224251	1.000000
MARKER	0.043750	1.000000	1.000000	0.000000	1.000000	0.873012	-0.583042	0.822004	0.000000	-0.673535	0.471424	1.049708	0.000000	-0.749653	-1.102542	0.014145	0.000000	0.464999	-0.021927	-0.215768	1.000000
MARKER	0.043750	1.000000	1.000000	0.000000	1.000000	0.046717	1.331283	-0.057287	0.000000	-0.822015	-0.016323	-1.049667	0.000000	-1.048754	0.072096	0.820179	0.000000	0.208634	0.287974	-0.341862	1.000000
MARKER	0.043750	1.000000	1.000000	0.000000	1.000000	0.603345	-1.022120	0.607472	0.000000	0.894395	-0.058715	-0.987111	0.000000	0.783461	0.854166	0.659065	0.000000	-0.039374	-0.102313	0.257814	1.000000
MARKER	0.043750	1.000000	1.000000	0.000000	1.000000	0.955749	-0.558997	0.742862	0.000000	-0.631245	0.391969	1.107098	0.000000	-0.682533	-1.145277	0.016320	0.000000	0.353324	-0.120074	-0.037214	1.000000
MARKER	0.043750	1.000000	1.000000	0.000000	1.000000	0.219423	1.313413	0.067656	0.000000	-1.159471	0.160821	0.638390	0.000000	0.620692	-0.163892	1.168614	0.000000	-0.019912	-0.033334	-0.421580	1.000000
MARKER	0.043750	1.000000	1.000000	0.000000	1.000000	1.155088	-0.594173	0.300846	0.000000	-0.647483	-1.142898	0.228754	0.000000	0.155938	-0.344268	-1.278648	0.000000	0.079819	0.136559	0.358398	1.000000
MARKER	0.043750	1.000000	1.000000	0.000000	1.000000	0.816098	-0.617519	0.854654	0.000000	-0.445455	0.777638	0.987232	0.000000	-0.955684	-0.889791	0.269663	0.000000	0.442966	0.213570	-0.408654	1.000000
MARKER	0.043750	1.000000	1.000000	0.000000	1.000000	-0.682123	1.104035	0.305930	0.000000	0.592713	0.644788	-1.005345	0.000000	-0.980397	-0.378330	-0.820650	0.000000	0.076656	0.281766	0.087574	1.000000
MARKER	0.043750	1.000000	1.000000	0.000000	1.000000	0.981849	-0.640542	0.635182	0.000000	-0.865026	-0.402229	0.931514	0.000000	-0.255889	-1.098042	-0.711761	0.000000	0.457374	-0.279599	0.254899	1.000000
MARKER	0.043750	1.000000	1.000000	0.000000	1.000000	0.968592	-0.730230	0.553510	0.000000	-0.176936	0.641214	1.155558	0.000000	-0.899056	-0.912900	0.368903	0.000000	0.257383	0.389309	0.224435	1.000000
MARKER	0.043750	1.000000	1.000000	0.000000	1.000000	-0.379942	1.261978	0.202074	0.000000	-0.803935	-0.072106	-1.061257	0.000000	-0.993535	-0.424253	0.781458	0.000000	-0.047544	0.305803	-0.197947	1.000000
MARKER	0.043750	1.000000	1.000000	0.000000	1.000000	-0.825227	0.939662	0.462400	0.000000	-1.004990	-0.544950	-0.686150	0.000000	-0.294573	-0.773203	1.045544	0.000000	0.176252	0.339539	-0.043319	1.000000
MARKER	0.043750	1.000000	1.000000	0.000000	1.000000	1.002668	-0.480139	0.736139	0.000000	-0.140454	1.014889	0.853259	0.000000	-0.867587	-0.719197	0.712620	0.000000	0.279682	0.017090	-0.137628	1.000000
MARKER	0.043750	1.000000	1.000000	0.000000	1.000000	0.966548	-0.629612	0.668694	0.000000	-0.918250	-0.683029	0.684154	0.000000	0.019490	-0.956472	-0.928741	0.000000	0.363455	-0.305789	-0.165827	1.000000
MARKER	0.043750	1.000000	1.000000	0.000000	1.000000	-1.154758	-0.602695	0.284731	0.000000	-0.102455	-0.402295	-1.267059	0.000000	0.658647	-1.119239	0.302103	0.000000	-0.388311	0.201152	-0.071256	1.000000
MARKER	0.043750	1.000000	1.000000	0.000000	1.000000	-0.064193	1.018802	-0.857729	0.000000	-0.998616	-0.604979	-0.643851	0.000000	-0.881149	0.611408	0.792171	0.000000	0.203624	-0.110732	-0.331773	1.000000
MARKER	0.043750	1.000000	1.000000	0.000000	1.000000	0.162755	1.313783	-0.158940	0.000000	-1.017703	0.021895	-0.861149	0.000000	-0.845913	0.226432	1.005454	0.000000	0.069668	0.219510	-0.159470	1.000000
MARKER	0.043750	1.000000	1.000000	0.000000	1.000000	-1.171957	-0.564576	0.292485	0.000000	-0.259556	-0.135116	-1.300828	0.000000	0.580452	-1.200323	0.008859	0.000000	-0.296373	0.247014	-0.161548	1.000000
MARKER	0.043750	1.000000	1.000000	0.000000	1.000000	-0.460516	-1.239029	-0.174669	0.000000	-1.078484	0.487412	-0.614068	0.000000	0.634488	-0.070808	-1.170551	0.000000	-0.457663	0.400870	0.441382	1.000000
MARKER	0.043750	1.000000	1.000000	0.000000	1.000000	1.202580	-0.446521	0.363592	0.000000	-0.411381	-1.255305	-0.180975	0.000000	0.402922	0.051047	-1.269971	0.000000	-0.205412	-0.328306	0.293667	1.000000
MARKER	0.043750	1.000000	1.000000	0.000000	1.000000	0.699837	-0.803271	0.801724	0.000000	1.119731	0.335213	-0.641571	0.000000	0.184955	1.010033	0.850531	0.000000	-0.303363	-0.312695	-0.303850	1.000000
MARKER	0.043750	1.000000	1.000000	0.000000	1.000000	0.564098	-1.044773	0.606647	0.000000	0.950351	-0.029638	-0.934737	0.000000	0.745925	0.827858	0.732137	0.000000	0.108202	0.024073	0.088646	1.000000
MARKER	0.043750	1.000000	1.000000	0.000000	1.000000	-0.676449	-1.141798	0.128418	0.000000	-0.125521	-0.074693	-1.325309	0.000000	1.142120	-0.684467	-0.069595	0.000000	-0.079982	0.018139	-0.186383	1.000000
MARKER	0.043750	1.000000	1.000000	0.000000	1.000000	0.935830	-0.578425	0.753276	0.000000	0.054008	1.088222	0.768527	0.000000	-0.948200	-0.508895	0.787223	0.000000	0.408074	0.167240	-0.099984	1.000000
MARKER	0.043750	1.000000	1.000000	0.000000	1.000000	0.740387	-0.835850	0.728670	0.000000	1.093977	0.407449	-0.644187	0.000000	0.181161	0.955572	0.912053	0.000000	-0.375206	-0.237706	-0.061865	1.000000
MARKER	0.043750	1.000000	1.000000	0.000000	1.000000	0.972370	-0.713487	0.568515	0.000000	-0.864923	-0.456733	0.906136	0.000000	-0.290142	-1.029616	-0.795918	0.000000	0.238204	0.167550	0.141835	1.000000
MARKER	0.043750	1.000000	1.000000	0.000000	1.000000	-1.194421	-0.566039	0.175321	0.000000	0.025209	-0.442669	-1.257452	0.000000	0.592032	-1.123130	0.407252	0.000000	-0.177218	0.253225	0.128803	1.000000
MARKER	0.043750	1.000000	1.000000	0.000000	1.000000	1.192222	-0.460901	0.379414	0.000000	-0.139419	-1.038939	-0.823981	0.000000	0.580472	0.697103	-0.977178	0.000000	-0.263431	-0.116660	0.074691	1.000000
MARKER	0.043750	1.000000	1.000000	0.000000	1.000000	-0.050649	1.045939	-0.825363	0.000000	-0.984543	-0.585888	-0.682047	0.000000	-0.897713	0.583545	0.794584	0.000000	0.184981	-0.146834	-0.415785	1.000000
MARKER	0.043750	1.000000	1.000000	0.000000	1.000000	0.151609	1.324508	0.021675	0.000000	-1.291978	0.143028	0.296841	0.000000	0.292552	-0.054755	1.299690	0.000000	0.069953	-0.048308	-0.407196	1.000000
MARKER	0.043750	1.000000	1.000000	0.000000	1.000000	-1.232221	0.325757	0.391526	0.000000	-0.485498	-0.441425	-1.160695	0.000000	-0.153957	-1.215238	0.526565	0.000000	-0.219125	0.223051	-0.320407	1.000000
MARKER	0.043750	1.000000	1.000000	0.000000	1.000000	-1.090393	0.584755	-0.496873	0.000000	-0.473879	-1.192203	-0.363136	0.000000	-0.603539	-0.120377	1.182805	0.000000	-0.124354	-0.134611	-0.315912	1.000000
MARKER	0.043750	1.000000	1.000000	0.000000	1.000000	-1.295422	0.312624	0.043883	0.000000	0.011547	0.232142	-1.312918	0.000000	-0.315477	-1.275208	-0.228249	0.000000	-0.114354	0.325909	0.305857	1.000000
MARKER	0.043750	1.000000	1.000000	0.000000	1.000000	-1.128488	-0.538953	0.462410	0.000000	0.175282	-1.052744	-0.799239	0.000000	0.688163	-0.615660	0.961858	0.000000	-0.161707	0.166281	-0.406981	1.000000
MARKER	0.043750	1.000000	1.000000	0.000000	1.000000	1.171370	-0.475781	0.423441	0.000000	-0.619073	-1.058875	0.522790	0.000000	0.149728	-0.655891	-1.151159	0.000000	-0.185062	-0.019695	0.291600	1.000000
MARKER	0.043750	1.000000	1.000000	0.000000	1.000000	0.676604	-0.874722	0.744880	0.000000	0.200206	-0.761459	-1.076046	0.000000	1.131328	0.657890	-0.255062	0.000000	-0.270382	-0.375531	-0.156984	1.000000
MARKER	0.043750	1.000000	1.000000	0.000000	1.000000	0.970944	-0.784461	0.468686	0.000000	-0.852260	-0.530639	0.877413	0.000000	-0.329695	-0.938521	-0.887838	0.000000	0.230616	0.259045	0.292377	1.000000
MARKER	0.043750	1.000000	1.000000	0.000000	1.000000	0.655909	-0.964867	0.645439	0.000000	0.852694	-0.102588	-1.019885	0.000000	0.787701	0.914486	0.566586	0.000000	-0.069592	-0.051733	-0.050292	1.000000
MARKER	0.043750	1.000000	1.000000	0.000000	1.000000	0.910851	-0.445833	0.865656	0.000000	-0.428124	0.881271	0.904350	0.000000	-0.874550	-0.895752	0.458877	0.000000	0.473017	-0.088556	-0.338187	1.000000
MARKER	0.043750	1.000000	1.000000	0.000000	1.000000	-0.736752	1.053646	0.353276	0.000000	-0.052391	0.390459	-1.273803	0.000000	-1.110058	-0.717740	-0.174352	0.000000	0.037379	0.399819	0.082508	1.000000
MARKER	0.043750	1.000000	1.000000	0.000000	1.000000	0.845797	-0.691942	0.763951	0.000000	-0.172701	0.879128	0.987465	0.000000	-1.016159	-0.725347	0.468048	0.000000	0.431206	0.468082	-0.252603	1.000000
MARKER	0.043750	1.000000	1.000000	0.000000	1.000000	-1.193904	-0.452050	0.384735	0.000000	-0.128995	-0.645949	-1.159262	0.000000	0.579422	-1.075258	0.534667	0.000000	-0.166841	-0.004852	-0.330893	1.000000
MARKER	0.043750	1.000000	1.000000	0.000000	1.000000	1.071734	-0.631388	0.480118	0.000000	-0.786549	-0.741664	0.780419	0.000000	-0.102496	-0.910528	-0.968613	0.000000	0.088036	0.252974	0.232380	1.000000
MARKER	0.043750	1.000000	1.000000	0.000000	1.000000	0.111449	1.322151	-0.131425	0.000000	-0.739356	-0.047868	-1.108530	0.000000	-1.103952	0.165536	0.729154	0.000000	0.109754	0.291869	-0.240181	1.000000
MARKER	0.043750	1.000000	1.000000	0.000000	1.000000	-0.702449	1.077718	0.350524	0.000000	0.242972	0.546025	-1.191889	0.000000	-1.106936	-0.564055	-0.484057	0.000000	0.105797	0.269017	-0.038731	1.000000
MARKER	0.043750	1.000000	1.000000	0.000000	1.000000	0.682809	-0.808744	0.810853	0.000000	1.144253	0.520745	-0.444171	0.000000	-0.047270	0.923329	0.960733	0.000000	-0.243075	-0.320588	-0.060436	1.000000
MARKER	0.043750	1.000000	1.000000	0.000000	1.000000	1.000206	-0.490471	0.732669	0.000000	-0.257963	0.896708	0.952443	0.000000	-0.843102	-0.856231	0.577777	0.000000	0.456812	0.033444	0.130536	1.000000
MARKER	0.043750	1.000000	1.000000	0.000000	1.000000	1.263036	-0.306306	0.297816	0.000000	0.142325	-0.574693	-1.194675	0.000000	0.402817	1.163478	-0.511697	0.000000	-0.259302	-0.345294	0.201999	1.000000
MARKER	0.043750	1.000000	1.000000	0.000000	1.000000	-1.124061	0.351770	-0.624917	0.000000	-0.203390	-1.270572	-0.349369	0.000000	-0.687675	-0.199208	1.124810	0.000000	0.145342	0.414469	-0.290099	1.000000
MARKER	0.043750	1.000000	1.000000	0.000000	1.000000	0.968991	-0.495978	0.769960	0.000000	-0.842653	-0.043611	1.032382	0.000000	-0.358845	-1.236884	-0.345147	0.000000	0.367603	-0.413230	-0.261615	1.000000
MARKER	0.043750	1.000000	1.000000	0.000000	1.000000	-0.521179	-1.226591	0.040314	0.000000	-0.353531	0.108112	-1.281056	0.000000	1.175230	-0.511434	-0.367488	0.000000	-0.274965	0.373261	0.187302	1.000000
MARKER	0.043750	1.000000	1.000000	0.000000	1.000000	0.508041	-0.906023	0.835939	0.000000	1.082134	-0.105306	-0.771800	0.000000	0.590473	0.972528	0.695204	0.000000	0.166416	-0.275733	-0.220911	1.000000
MARKER	0.043750	1.000000	1.000000	0.000000	1.000000	1.164570	-0.428045	-0.488193	0.000000	-0.175176	-1.172511	0.610172	0.000000	-0.625195	-0.468801	-1.080340	0.000000	0.353143	0.019410	-0.073224	1.000000
MARKER	0.043750	1.000000	1.000000	0.000000	1.000000	1.107714	-0.540936	0.508071	0.000000	-0.167726	0.706723	1.118119	0.000000	-0.722922	-0.992829	0.519088	0.000000	0.038060	-0.078057	0.325695	1.000000
MARKER	0.043750	1.000000	1.000000	0.000000	1.000000	-0.724020	-1.114880	0.103038	0.000000	-0.427012	0.161529	-1.252736	0.000000	1.035004	-0.713253	-0.444763	0.000000	-0.017377	0.047611	-0.157088	1.000000
MARKER	0.043750	1.000000	1.000000	0.000000	1.000000	-1.276957	0.253030	0.288329	0.000000	-0.286346	0.038158	-1.301663	0.000000	-0.255272	-1.308548	0.017796	0.000000	-0.016094	0.408424	-0.239895	1.000000
MARKER	0.043750	1.000000	1.000000	0.000000	1.000000	-0.708157	-1.119318	0.153033	0.000000	-0.062071	-0.141790	-1.324319	0.000000	1.128024	-0.710494	0.023199	0.000000	-0.025803	-0.031589	-0.227641	1.000000
MARKER	0.043750	1.000000	1.000000	0.000000	1.000000	0.151873	1.324389	-0.026569	0.000000	-1.324654	0.151880	-0.001185	0.000000	0.001850	0.026531	1.333068	0.000000	0.054766	0.107710	-0.398765	1.000000
MARKER	0.043750	1.000000	1.000000	0.000000	1.000000	1.175768	-0.517975	0.356441	0.000000	-0.450960	-1.221404	-0.287374	0.000000	0.438159	0.132858	-1.252255	0.000000	-0.384198	-0.117869	0.250468	1.000000
MARKER	0.043750	1.000000	1.000000	0.000000	1.000000	0.740123	-0.798365	0.769811	0.000000	1.092523	0.365660	-0.671167	0.000000	0.190761	1.003337	0.857149	0.000000	-0.412446	-0.264131	-0.297998	1.000000
MARKER	0.043750	1.000000	1.000000	0.000000	1.000000	1.021613	-0.475307	0.712859	0.000000	-0.265616	0.878997	0.966742	0.000000	-0.814575	-0.882738	0.578809	0.000000	0.400806	-0.001220	0.165141	1.000000
MARKER	0.043750	1.000000	1.000000	0.000000	1.000000	-0.427810	-1.259010	-0.098240	0.000000	-0.008091	0.106455	-1.329052	0.000000	1.262811	-0.425840	-0.041797	0.000000	-0.367479	0.467731	0.375277	1.000000
MARKER	0.043750	1.000000	1.000000	0.000000	1.000000	-1.273772	0.306736	0.247378	0.000000	-0.252545	0.007100	-1.309178	0.000000	-0.302497	-1.297552	0.051315	0.000000	-0.197455	0.333708	-0.059882	1.000000
MARKER	0.043750	1.000000	1.000000	0.000000	1.000000	1.148294	-0.546862	0.400177	0.000000	-0.657029	-0.705759	0.920866	0.000000	-0.165869	-0.990264	-0.877292	0.000000	-0.021491	-0.309871	0.454083	1.000000
MARKER	0.043750	1.000000	1.000000	0.000000	1.000000	-0.439627	-1.227417	0.279200	0.000000	0.794734	-0.499990	-0.946671	0.000000	0.976168	-0.145719	0.896460	0.000000	-0.435355	-0.133271	-0.298830	1.000000
MARKER	0.043750	1.000000	1.000000	0.000000	1.000000	0.986077	-0.352562	0.825306	0.000000	-0.267739	1.054739	0.770467	0.000000	-0.856590	-0.735530	0.709245	0.000000	0.422905	-0.454868	-0.333611	1.000000
MARKER	0.043750	1.000000	1.000000	0.000000	1.000000	0.553980	-0.903270	0.809313	0.000000	1.018015	-0.137272	-0.850047	0.000000	0.659189	0.971101	0.632623	0.000000	0.029533	-0.302380	-0.202000	1.000000
MARKER	0.043750	1.000000	1.000000	0.000000	1.000000	-0.020220	1.055880	-0.813932	0.000000	-1.333120	-0.008297	0.022353	0.000000	0.012637	0.814141	1.055838	0.000000	0.133610	0.014919	-0.344111	1.000000
MARKER	0.043750	1.000000	1.000000	0.000000	1.000000	1.255221	-0.246516	0.376070	0.000000	0.250373	-0.543107	-1.191690	0.000000	0.373512	1.192494	-0.464999	0.000000	-0.258370	-0.451923	0.054559	1.000000
MARKER	0.043750	1.000000	1.000000	0.000000	1.000000	0.544082	-0.839560	0.881414	0.000000	1.144150	0.023139	-0.684225	0.000000	0.415540	1.035558	0.729879	0.000000	0.056479	-0.378516	-0.309466	1.000000
MARKER	0.043750	1.000000	1.000000	0.000000	1.000000	-0.052423	1.058179	-0.809498	0.000000	-0.948170	-0.598749	-0.721285	0.000000	-0.935951	0.547297	0.776041	0.000000	0.243409	-0.073176	-0.465935	1.000000
MARKER	0.043750	1.000000	1.000000	0.000000	1.000000	1.151612	-0.629102	0.236217	0.000000	-0.598852	-1.173416	-0.205546	0.000000	0.304867	0.071438	-1.296044	0.000000	-0.363992	0.147494	0.438122	1.000000
MARKER	0.043750	1.000000	1.000000	0.000000	1.000000	-0.058097	0.788254	-1.073805	0.000000	-1.314557	0.139772	0.173726	0.000000	0.215271	1.066254	0.771064	0.000000	0.070276	0.048115	-0.264935	1.000000
MARKER	0.043750	1.000000	1.000000	0.000000	1.000000	1.066774	-0.603310	0.525156	0.000000	-0.705305	-0.296637	1.091938	0.000000	-0.377247	-1.151435	-0.556472	0.000000	0.146994	-0.123356	0.227910	1.000000
MARKER	0.043750	1.000000	1.000000	0.000000	1.000000	0.174996	1.321491	0.028568	0.000000	-1.259091	0.157884	0.409315	0.000000	0.402297	-0.080699	1.268630	0.000000	0.051900	0.217528	-0.340472	1.000000
MARKER	0.043750	1.000000	1.000000	0.000000	1.000000	1.063745	-0.391034	0.702365	0.000000	-0.226737	0.971712	0.884389	0.000000	-0.771242	-0.825012	0.708744	0.000000	0.268553	-0.383442	0.084104	1.000000
MARKER	0.043750	1.000000	1.000000	0.000000	1.000000	-0.653966	-1.137886	0.235208	0.000000	0.034067	-0.288563	-1.301287	0.000000	1.161441	-0.632238	0.170606	0.000000	-0.161814	-0.210261	-0.281303	1.000000
MARKER	0.043750	1.000000	1.000000	0.000000	1.000000	-0.681699	1.077378	0.390284	0.000000	-0.079964	0.408292	-1.266760	0.000000	-1.143097	-0.671068	-0.144136	0.000000	-0.051043	0.337092	-0.013206	1.000000
MARKER	0.043750	1.000000	1.000000	0.000000	1.000000	-1.199052	-0.463854	0.353401	0.000000	-0.296782	-0.210152	-1.282784	0.000000	0.501969	-1.232255	0.085740	0.000000	-0.224285	0.034579	-0.260322	1.000000
MARKER	0.043750	1.000000	1.000000	0.000000	1.000000	0.962736	-0.468765	0.794466	0.000000	-0.757918	0.252597	1.067489	0.000000	-0.525811	-1.222388	-0.084076	0.000000	0.420340	-0.404500	-0.076872	1.000000
MARKER	0.043750	1.000000	1.000000	0.000000	1.000000	0.440625	0.079386	-1.255916	0.000000	0.706862	-1.116533	0.177420	0.000000	-1.041141	-0.724451	-0.411065	0.000000	0.171875	0.001514	-0.252957	1.000000
MARKER	0.043750	1.000000	1.000000	0.000000	1.000000	1.096771	-0.591039	0.474915	0.000000	-0.617935	-0.212849	1.162166	0.000000	-0.439350	-1.176072	-0.449002	0.000000	-0.049944	-0.126668	0.379554	1.000000
MARKER	0.043750	1.000000	1.000000	0.000000	1.000000	0.272541	-0.131653	-0.953094	0.000000	0.472581	-0.844551	0.251796	0.000000	-0.838086	-0.519039	-0.167958	0.000000	0.239326	0.162528	0.016824	1.000000
MARKER	0.043750	1.000000	1.000000	0.000000	1.000000	1.236258	-0.278397	0.414657	0.000000	-0.082591	-1.205695	-0.563255	0.000000	0.492569	0.496561	-1.135157	0.000000	0.082000	-0.444493	0.000635	1.000000
MARKER	0.043750	1.000000	1.000000	0.000000	1.000000	-0.441772	-1.246285	-0.171432	0.000000	-0.867384	0.433355	-0.915220	0.000000	0.911186	-0.191716	-0.954339	0.000000	-0.430466	0.421485	0.376173	1.000000
MARKER	0.043750	1.000000	1.000000	0.000000	1.000000	1.145012	-0.518969	0.444293	0.000000	-0.628927	-1.139359	0.289982	0.000000	0.266788	-0.458596	-1.223230	0.000000	-0.170246	-0.189163	0.152221	1.000000
MARKER	0.043750	1.000000	1.000000	0.000000	1.000000	0.616662	-1.041769	0.558770	0.000000	0.522860	-0.324876	-1.182730	0.000000	1.060246	0.766128	0.258271	0.000000	-0.059387	0.143273	0.033312	1.000000
MARKER	0.043750	1.000000	1.000000	0.000000	1.000000	0.939308	-0.584291	0.744367	0.000000	-0.942770	-0.487349	0.807126	0.000000	-0.081622	-1.094931	-0.756467	0.000000	0.372418	-0.207041	-0.221435	1.000000
MARKER	0.043750	1.000000	1.000000	0.000000	1.000000	-1.079898	-0.663811	0.413466	0.000000	-0.100696	-0.581037	-1.195840	0.000000	0.775538	-0.999765	0.420463	0.000000	-0.433970	0.389047	-0.377568	1.000000
MARKER	0.043750	1.000000	1.000000	0.000000	1.000000	-1.190854	-0.547479	0.244766	0.000000	-0.025085	-0.498243	-1.236488	0.000000	0.599178	-1.108963	0.434701	0.000000	-0.246124	0.197082	0.056492	1.000000
MARKER	0.043750	1.000000	1.000000	0.000000	1.000000	0.267541	1.249486	-0.380769	0.000000	-1.208604	0.089370	-0.555939	0.000000	-0.495456	0.456701	1.150532	0.000000	0.339668	0.357793	-0.182522	1.000000
MARKER	0.043750	1.000000	1.000000	0.000000	1.000000	1.151809	-0.474878	0.474980	0.000000	-0.630555	-0.439775	1.089392	0.000000	-0.231333	-1.165704	-0.604480	0.000000	-0.082606	-0.404492	0.340177	1.000000
MARKER	0.043750	1.000000	1.000000	0.000000	1.000000	-1.300155	0.247903	0.160994	0.000000	-0.143001	0.108051	-1.321232	0.000000	-0.258699	-1.305621	-0.078775	0.000000	-0.032750	0.426026	0.033793	1.000000
MARKER	0.043750	1.000000	1.000000	0.000000	1.000000	-1.113934	-0.635008	0.365641	0.000000	0.253953	-0.958654	-0.891218	0.000000	0.687340	-0.674926	0.921854	0.000000	-0.418793	0.216622	-0.151025	1.000000
MARKER	0.043750	1.000000	1.000000	0.000000	1.000000	1.115032	-0.468211	0.561481	0.000000	-0.489697	0.282027	1.207657	0.000000	-0.542843	-1.216148	0.063891	0.000000	0.116214	-0.331335	0.314066	1.000000
MARKER	0.043750	1.000000	1.000000	0.000000	1.000000	0.985182	-0.414907	0.796898	0.000000	-0.629150	0.525661	1.051488	0.000000	-0.641376	-1.152957	0.192625	0.000000	0.362204	-0.402306	-0.316698	1.000000
MARKER	0.043750	1.000000	1.000000	0.000000	1.000000	0.916065	-0.565123	0.786917	0.000000	0.023933	1.095866	0.759133	0.000000	-0.968520	-0.507436	0.763057	0.000000	0.339719	0.173826	-0.169524	1.000000
MARKER	0.043750	1.000000	1.000000	0.000000	1.000000	-1.211551	-0.429681	0.353972	0.000000	-0.301857	-0.205300	-1.282385	0.000000	0.467765	-1.245393	0.089272	0.000000	-0.236577	-0.039842	-0.243649	1.000000
MARKER	0.043750	1.000000	1.000000	0.000000	1.000000	-0.044972	0.532712	-1.221464	0.000000	-1.322022	-0.171336	-0.026050	0.000000	-0.167368	1.210223	0.533972	0.000000	-0.053640	0.155977	-0.175344	1.000000
MARKER	0.043750	1.000000	1.000000	0.000000	1.000000	0.543386	-0.941005	0.772670	0.000000	0.626901	-0.509131	-1.060924	0.000000	1.043793	0.795659	0.234947	0.000000	0.026238	-0.288044	-0.126251	1.000000
MARKER	0.043750	1.000000	1.000000	0.000000	1.000000	0.395687	-0.982067	0.810403	0.000000	0.846280	-0.431212	-0.935758	0.000000	0.951325	0.792072	0.495359	0.000000	0.328903	-0.164840	-0.249669	1.000000
MARKER	0.043750	1.000000	1.000000	0.000000	1.000000	0.076209	1.328255	-0.087796	0.000000	-0.742540	-0.030569	-1.107013	0.000000	-1.104810	0.112167	0.737965	0.000000	0.167195	0.221093	-0.331744	1.000000
MARKER	0.043750	1.000000	1.000000	0.000000	1.000000	0.872242	-0.581550	0.823876	0.000000	-0.463550	0.736182	1.010413	0.000000	-0.895597	-0.947424	0.279413	0.000000	0.420958	0.083939	-0.165264	1.000000
MARKER	0.043750	1.000000	1.000000	0.000000	1.000000	1.288138	-0.269282	0.214396	0.000000	-0.022109	-0.893506	-0.989412	0.000000	0.343496	0.952320	-0.867684	0.000000	0.104632	-0.457218	0.310998	1.000000
MARKER	0.043750	1.000000	1.000000	0.000000	1.000000	-1.157454	-0.609102	0.258983	0.000000	-0.195983	-0.182921	-1.306104	0.000000	0.632193	-1.171884	0.069261	0.000000	-0.313491	0.332365	-0.095319	1.000000
MARKER	0.043750	1.000000	1.000000	0.000000	1.000000	0.588983	-0.946865	0.730974	0.000000	0.871936	-0.217951	-0.984887	0.000000	0.818904	0.913083	0.522927	0.000000	-0.016342	-0.288199	0.106717	1.000000
MARKER	0.043750	1.000000	1.000000	0.000000	1.000000	0.523253	-0.799982	0.929523	0.000000	1.226296	0.330166	-0.406161	0.000000	0.013519	1.014296	0.865331	0.000000	0.109825	-0.431185	-0.254641	1.000000
MARKER	0.043750	1.000000	1.000000	0.000000	1.000000	1.060336	-0.420701	0.690273	0.000000	-0.232541	0.931671	0.925036	0.000000	-0.774203	-0.856024	0.667541	0.000000	0.383163	-0.377826	0.226881	1.000000
MARKER	0.043750	1.000000	1.000000	0.000000	1.000000	0.286482	1.241371	-0.393324	0.000000	-1.202496	0.097647	-0.567668	0.000000	-0.499710	0.476698	1.140538	0.000000	0.291177	0.385582	-0.153858	1.000000
MARKER	0.043750	1.000000	1.000000	0.000000	1.000000	-0.403545	1.263483	0.136157	0.000000	-0.755846	-0.123798	-1.091397	0.000000	-1.021580	-0.407506	0.753718	0.000000	0.015638	0.280421	-0.090088	1.000000
MARKER	0.043750	1.000000	1.000000	0.000000	1.000000	1.177923	-0.355964	0.513386	0.000000	-0.477851	-1.219184	0.251051	0.000000	0.402410	-0.405781	-1.204652	0.000000	0.159865	-0.350510	-0.062111	1.000000
MARKER	0.043750	1.000000	1.000000	0.000000	1.000000	-1.124842	-0.521692	0.490250	0.000000	0.165364	-1.077724	-0.767427	0.000000	0.696536	-0.586623	0.973904	0.000000	-0.169979	0.134183	-0.453524	1.000000
MARKER	0.043750	1.000000	1.000000	0.000000	1.000000	-1.245114	0.286665	0.381172	0.000000	-0.461119	-0.451403	-1.166783	0.000000	-0.121810	-1.221408	0.520676	0.000000	-0.176044	0.281682	-0.300838	1.000000
MARKER	0.043750	1.000000	1.000000	0.000000	1.000000	1.195487	-0.421929	0.412996	0.000000	-0.561530	-1.100685	0.500952	0.000000	0.182409	-0.623094	-1.164585	0.000000	0.031520	-0.225142	0.225810	1.000000
MARKER	0.043750	1.000000	1.000000	0.000000	1.000000	0.653909	-0.937604	0.686352	0.000000	0.913004	-0.072572	-0.968986	0.000000	0.718751	0.945204	0.606436	0.000000	-0.076925	-0.363409	0.253488	1.000000
MARKER	0.043750	1.000000	1.000000	0.000000	1.000000	0.910809	-0.541857	0.809071	0.000000	-0.679383	0.440041	1.059519	0.000000	-0.697599	-1.136016	0.024499	0.000000	0.459181	-0.164082	-0.113429	1.000000
MARKER	0.043750	1.000000	1.000000	0.000000	1.000000	0.252256	1.279181	-0.278998	0.000000	-1.153478	0.082722	-0.663643	0.000000	-0.619381	0.366920	1.122281	0.000000	0.394074	0.351855	-0.419696	1.000000
MARKER	0.043750	1.000000	1.000000	0.000000	1.000000	-1.112125	-0.664522	0.315224	0.000000	-0.098146	-0.432254	-1.257498	0.000000	0.728919	-1.072075	0.311626	0.000000	-0.301310	0.446119	-0.180464	1.000000
MARKER	0.043750	1.000000	1.000000	0.000000	1.000000	1.216670	-0.387697	0.383646	0.000000	-0.451542	-1.242018	0.176859	0.000000	0.305946	-0.291308	-1.264640	0.000000	-0.006368	-0.280047	0.224704	1.000000
MARKER	0.043750	1.000000	1.000000	0.000000	1.000000	0.682229	-0.965683	0.616278	0.000000	0.752233	-0.163344	-1.088688	0.000000	0.863995	0.904739	0.461235	0.000000	-0.168845	-0.045246	0.016913	1.000000
MARKER	0.043750	1.000000	1.000000	0.000000	1.000000	1.109531	-0.553567	0.490186	0.000000	-0.221599	0.594348	1.172784	0.000000	-0.705416	-1.057399	0.402584	0.000000	-0.002223	-0.062410	0.371267	1.000000
MARKER	0.043750	1.000000	1.000000	0.000000	1.000000	1.084595	-0.542473	0.554216	0.000000	-0.758170	-0.541271	0.953929	0.000000	-0.163125	-1.091112	-0.748760	0.000000	0.274995	0.038426	0.026157	1.000000
MARKER	0.043750	1.000000	1.000000	0.000000	1.000000	1.283099	-0.263855	0.248626	0.000000	0.080829	-0.683173	-1.142156	0.000000	0.353413	1.114196	-0.641438	0.000000	-0.351937	-0.339321	0.353049	1.000000
MARKER	0.043750	1.000000	1.000000	0.000000	1.000000	1.002371	-0.589542	0.652281	0.000000	-0.045565	0.953019	0.931373	0.000000	-0.878040	-0.722477	0.696312	0.000000	0.235111	0.236956	0.026101	1.000000
MARKER	0.043750	1.000000	1.000000	0.000000	1.000000	-0.415877	-1.264340	-0.079177	0.000000	0.546395	-0.103839	-1.211795	0.000000	1.142924	-0.410415	0.550510	0.000000	-0.333861	0.372639	0.380321	1.000000
MARKER	0.043750	1.000000	1.000000	0.000000	1.000000	0.389291	1.212905	-0.393816	0.000000	-0.987366	0.547268	0.709496	0.000000	0.807056	0.084480	1.057971	0.000000	-0.126014	0.370092	-0.215973	1.000000
MARKER	0.043750	1.000000	1.000000	0.000000	1.000000	1.304648	-0.218230	0.167469	0.000000	0.070943	-0.517343	-1.226826	0.000000	0.265777	1.209343	-0.494602	0.000000	0.020140	-0.363549	0.293466	1.000000
MARKER	0.043750	1.000000	1.000000	0.000000	1.000000	-0.458123	-1.233001	0.218197	0.000000	0.783753	-0.463562	-0.973971	0.000000	0.976541	-0.206390	0.884053	0.000000	-0.376810	-0.070637	-0.229773	1.000000
MARKER	0.043750	1.000000	1.000000	0.000000	1.000000	1.196319	-0.461785	0.365177	0.000000	-0.536060	-1.196337	0.243300	0.000000	0.243392	-0.365116	-1.259059	0.000000	-0.472131	-0.223664	0.271200	1.000000
MARKER	0.043750	1.000000	1.000000	0.000000	1.000000	1.025874	-0.563462	0.638648	0.000000	-0.678739	0.063064	1.145912	0.000000	-0.514465	-1.206777	-0.238311	0.000000	0.263350	-0.146405	0.245039	1.000000
MARKER	0.043750	1.000000	1.000000	0.000000	1.000000	-1.270632	0.256747	0.312012	0.000000	-0.307050	0.055750	-1.296299	0.000000	-0.262662	-1.307192	0.005998	0.000000	-0.199049	0.425454	-0.202038	1.000000
MARKER	0.043750	1.000000	1.000000	0.000000	1.000000	-0.013744	1.022575	-0.855529	0.000000	-1.301886	-0.194815	-0.211939	0.000000	-0.287545	0.833166	1.000465	0.000000	0.236592	0.135077	-0.386067	1.000000
MARKER	0.043750	1.000000	1.000000	0.000000	1.000000	1.035862	-0.588918	0.598283	0.000000	-0.621088	0.101696	1.175451	0.000000	-0.564816	-1.191894	-0.195320	0.000000	0.306898	-0.115808	0.390852	1.000000
MARKER	0.043750	1.000000	1.000000	0.000000	1.000000	-0.545425	-1.143518	0.415520	0.000000	1.092613	-0.660685	-0.384018	0.000000	0.535244	0.183412	1.207332	0.000000	-0.233561	-0.205474	-0.415221	1.000000
MARKER	0.043750	1.000000	1.000000	0.000000	1.000000	0.643344	-0.893209	0.752371	0.000000	0.952840	-0.095212	-0.927798	0.000000	0.675265	0.985337	0.592373	0.000000	-0.086031	-0.428453	0.103515	1.000000
MARKER	0.043750	1.000000	1.000000	0.000000	1.000000	-0.486032	-1.241484	0.016384	0.000000	0.206052	-0.098004	-1.313665	0.000000	1.224375	-0.476331	0.227582	0.000000	-0.394571	0.029508	0.083327	1.000000
MARKER	0.043750	1.000000	1.000000	0.000000	1.000000	1.255925	-0.389409	0.220886	0.000000	-0.370530	-1.273352	-0.138062	0.000000	0.251271	0.068663	-1.307641	0.000000	-0.158170	-0.265554	0.449186	1.000000
MARKER	0.043750	1.000000	1.000000	0.000000	1.000000	-0.408006	-1.269289	0.014669	0.000000	0.603438	-0.207502	-1.170719	0.000000	1.116768	-0.351607	0.637949	0.000000	-0.475756	0.162735	0.199685	1.000000
MARKER	0.043750	1.000000	1.000000	0.000000	1.000000	1.015354	-0.638967	0.581855	0.000000	-0.819466	-0.426801	0.961298	0.000000	-0.274426	-1.089651	-0.717724	0.000000	0.379801	-0.271278	0.361536	1.000000
MARKER	0.043750	1.000000	1.000000	0.000000	1.000000	1.266027	-0.257650	0.329500	0.000000	0.088214	-0.862252	-1.013172	0.000000	0.408867	0.983827	-0.801679	0.000000	-0.428561	-0.427146	0.195694	1.000000
MARKER	0.043750	1.000000	1.000000	0.000000	1.000000	1.030646	-0.450689	0.715840	0.000000	-0.688677	0.208135	1.122578	0.000000	-0.491194	-1.237472	-0.071899	0.000000	0.319700	-0.479581	0.091940	1.000000
MARKER	0.043750	1.000000	1.000000	0.000000	1.000000	-0.094967	0.758743	-1.092277	0.000000	-1.327206	0.016199	0.126646	0.000000	0.085339	1.096278	0.754102	0.000000	0.128251	0.100952	-0.259727	1.000000
MARKER	0.043750	1.000000	1.000000	0.000000	1.000000	0.977247	-0.610060	0.671262	0.000000	-0.452829	0.526843	1.138051	0.000000	-0.785947	-1.062093	0.178952	0.000000	0.405755	0.216772	0.128030	1.000000
MARKER	0.043750	1.000000	1.000000	0.000000	1.000000	1.129938	-0.468986	0.530161	0.000000	-0.442260	0.311953	1.218552	0.000000	-0.552652	-1.208518	0.108805	0.000000	0.138339	-0.352468	0.392454	1.000000
MARKER	0.043750	1.000000	1.000000	0.000000	1.000000	-0.751001	-1.090070	0.159760	0.000000	-0.091394	-0.131040	-1.323727	0.000000	1.097917	-0.756541	-0.000911	0.000000	-0.000050	-0.219977	-0.189489	1.000000
MARKER	0.043750	1.000000	1.000000	0.000000	1.000000	1.054725	-0.694693	0.427474	0.000000	-0.806417	-0.783080	0.717115	0.000000	-0.122571	-0.825812	-1.039610	0.000000	0.011426	0.431936	0.259422	1.000000
MARKER	0.043750	1.000000	1.000000	0.000000	1.000000	1.127863	-0.515074	0.490308	0.000000	-0.591056	-1.190158	0.109340	0.000000	0.395419	-0.309840	-1.235079	0.000000	-0.191316	-0.137583	0.002130	1.000000
MARKER	0.043750	1.000000	1.000000	0.000000	1.000000	1.016953	-0.503220	0.700253	0.000000	-0.213839	0.901761	0.958581	0.000000	-0.835379	-0.843430	0.607080	0.000000	0.464039	0.068613	0.226556	1.000000
MARKER	0.043750	1.000000	1.000000	0.000000	1.000000	0.981767	-0.564543	0.703705	0.000000	-0.701023	0.177262	1.120233	0.000000	-0.567870	-1.194842	-0.166296	0.000000	0.377093	-0.208267	0.123072	1.000000
MARKER	0.043750	1.000000	1.000000	0.000000	1.000000	1.054542	-0.444598	0.684143	0.000000	-0.215298	0.926743	0.934116	0.000000	-0.786998	-0.849269	0.661176	0.000000	0.276644	-0.265971	0.120014	1.000000
MARKER	0.043750	1.000000	1.000000	0.000000	1.000000	-0.408036	-1.260011	0.153805	0.000000	1.035849	-0.423899	-0.724641	0.000000	0.733690	-0.102271	1.108611	0.000000	-0.364229	0.403141	0.111160	1.000000
MARKER	0.043750	1.000000	1.000000	0.000000	1.000000	0.463184	-0.905397	0.862261	0.000000	1.116937	-0.113584	-0.719255	0.000000	0.561863	0.972179	0.718996	0.000000	0.300066	-0.382331	-0.137098	1.000000
MARKER	0.043750	1.000000	1.000000	0.000000	1.000000	-1.264593	0.231394	0.353609	0.000000	-0.352943	0.035266	-1.285288	0.000000	-0.232409	-1.312627	0.027804	0.000000	-0.092174	0.455345	-0.343783	1.000000
MARKER	0.043750	1.000000	1.000000	0.000000	1.000000	0.195014	1.316426	-0.082284	0.000000	-1.039160	0.102114	-0.829154	0.000000	-0.812338	0.185402	1.040918	0.000000	-0.086250	0.130087	-0.378818	1.000000
MARKER	0.043750	1.000000	1.000000	0.000000	1.000000	-0.095760	0.756116	-1.094028	0.000000	-1.323012	0.057247	0.155368	0.000000	0.135079	1.096718	0.746151	0.000000	0.130024	0.083770	-0.210442	1.000000
MARKER	0.043750	1.000000	1.000000	0.000000	1.000000	-0.667325	-1.150921	0.088520	0.000000	-0.422911	0.148631	-1.255720	0.000000	1.074058	-0.656558	-0.439442	0.000000	-0.091184	0.149763	-0.138925	1.000000
MARKER	0.043750	1.000000	1.000000	0.000000	1.000000	1.087723	-0.459883	0.618986	0.000000	-0.232280	0.825162	1.021240	0.000000	-0.735311	-0.940953	0.593044	0.000000	0.178049	-0.242490	0.200490	1.000000
MARKER	0.043750	1.000000	1.000000	0.000000	1.000000	1.293521	-0.246685	0.209109	0.000000	0.068633	-0.633109	-1.171427	0.000000	0.316022	1.147213	-0.601507	0.000000	-0.436027	-0.359613	0.407642	1.000000
MARKER	0.043750	1.000000	1.000000	0.000000	1.000000	1.180211	-0.403565	-0.471186	0.000000	-0.172787	-1.186425	0.583368	0.000000	-0.595840	-0.455311	-1.102472	0.000000	0.257009	-0.020728	-0.086194	1.000000
MARKER	0.043750	1.000000	1.000000	0.000000	1.000000	-1.267721	0.355151	0.211017	0.000000	-0.218989	-0.000230	-1.315227	0.000000	-0.350291	-1.285164	0.058550	0.000000	-0.189517	0.239901	-0.008249	1.000000
MARKER	0.043750	1.000000	1.000000	0.000000	1.000000	1.261308	-0.326104	0.283787	0.000000	-0.212514	-1.229963	-0.468836	0.000000	0.376453	0.398278	-1.215498	0.000000	0.275190	-0.319939	0.365112	1.000000
