SPHERE	-0.099949	0.267906	0.282423	0.026834
SPHERE	-0.286037	-0.155836	0.253674	0.027132
SPHERE	0.051326	-0.021496	0.122559	0.024491
SPHERE	0.012735	0.429751	0.395507	0.024853
SPHERE	0.206005	-0.339774	0.101410	0.025982
SPHERE	-0.245080	-0.345790	0.289941	0.023401
SPHERE	-0.094304	-0.352450	-0.372425	0.023986
SPHERE	-0.266250	0.012221	0.320464	0.027496
SPHERE	-0.193409	0.130431	0.023030	0.025886
SPHERE	0.448768	-0.196947	0.257578	0.025390
SPHERE	0.256133	-0.094677	0.371539	0.025528
SPHERE	-0.140308	0.292638	0.398483	0.024514
SPHERE	0.428097	0.024767	-0.394386	0.023624
SPHERE	0.155348	0.371397	-0.143813	0.024134
SPHERE	-0.457321	-0.040302	-0.416282	0.023601
SPHERE	0.447737	0.382640	0.333847	0.024326
SPHERE	0.037817	-0.118692	0.247525	0.024444
SPHERE	0.159180	0.029996	-0.437252	0.025469
SPHERE	0.410108	0.409134	0.209835	0.025157
SPHERE	0.226838	0.133115	-0.138794	0.024518
SPHERE	-0.316523	-0.056757	0.360160	0.026199
SPHERE	-0.160573	-0.256511	0.372297	0.026788
SPHERE	0.177414	0.433834	0.084245	0.024793
SPHERE	0.339973	-0.057288	0.401862	0.026072
SPHERE	0.299033	0.175010	0.390429	0.024993
SPHERE	-0.269771	0.427430	0.398833	0.025344
SPHERE	0.362810	0.134323	-0.064787	0.023949
SPHERE	-0.207593	0.271179	-0.182563	0.025915
SPHERE	-0.260091	-0.296721	-0.212489	0.025196
SPHERE	-0.079215	-0.313443	0.385933	0.025652
SPHERE	-0.356153	-0.004339	0.248096	0.023763
SPHERE	0.411134	0.174324	-0.110402	0.027436
SPHERE	-0.124387	-0.194948	-0.253571	0.026457
SPHERE	-0.242415	-0.329695	0.220184	0.025769
SPHERE	0.279468	-0.319872	0.233378	0.023856
SPHERE	0.428820	-0.426311	0.020544	0.023644
SPHERE	-0.247425	0.283464	0.221456	0.024068
SPHERE	0.443036	0.132187	0.246193	0.026069
SPHERE	-0.347775	0.019251	-0.401757	0.023723
SPHERE	-0.281390	-0.036757	0.304573	0.023625
SPHERE	0.242433	-0.425011	-0.324589	0.025722
SPHERE	-0.279409	0.368508	-0.353932	0.027500
SPHERE	-0.421424	0.350167	-0.404157	0.027491
SPHERE	0.403311	0.089507	-0.304701	0.023351
SPHERE	-0.103108	0.393191	0.304341	0.024013
SPHERE	0.049879	0.075486	-0.045069	0.024830
SPHERE	-0.185451	0.466438	0.072938	0.026197
SPHERE	0.234433	0.121951	-0.439501	0.026990
SPHERE	0.315611	0.402875	0.353526	0.026449
SPHERE	0.453740	0.230745	0.381749	0.026796
SPHERE	0.157725	-0.002591	-0.317596	0.027432
SPHERE	0.368108	-0.400339	0.141685	0.026792
SPHERE	0.123170	-0.257663	0.190843	0.024367
SPHERE	-0.162780	-0.255330	-0.404842	0.024654
SPHERE	-0.261990	0.143282	0.010131	0.025971
SPHERE	-0.207913	0.043582	0.207261	0.027381
SPHERE	-0.027159	0.088134	0.423164	0.023805
SPHERE	-0.155397	0.330153	-0.062185	0.025212
SPHERE	-0.147817	0.093883	0.317683	0.023347
SPHERE	0.166945	-0.016221	-0.017186	0.024308
SPHERE	-0.436543	-0.081784	0.186340	0.024604
SPHERE	0.130444	-0.144891	-0.298889	0.026141
SPHERE	0.120578	0.218791	-0.162745	0.025871
SPHERE	-0.282053	0.398674	0.174995	0.026418
SPHERE	-0.230086	0.030750	-0.390869	0.026055
SPHERE	0.358953	0.177035	-0.386419	0.024419
SPHERE	-0.131812	0.073041	0.088775	0.023797
SPHERE	-0.161462	-0.294047	0.459069	0.026111
SPHERE	0.312103	-0.160652	-0.297239	0.023348
SPHERE	0.189061	-0.359799	0.176440	0.025152
SPHERE	0.260597	0.420958	0.395515	0.024933
SPHERE	-0.280488	0.277844	0.045455	0.026925
SPHERE	0.385032	0.389511	0.355600	0.024572
SPHERE	0.072327	-0.320105	-0.214599	0.025409
SPHERE	-0.007192	-0.034380	0.330144	0.026936
SPHERE	-0.198332	-0.303344	0.174822	0.025400
SPHERE	-0.341909	0.097672	-0.007179	0.026365
SPHERE	0.212221	-0.304528	-0.263118	0.026826
SPHERE	-0.359493	-0.343376	-0.132465	0.025411
SPHERE	0.410571	0.388316	0.116067	0.024687
SPHERE	0.301063	-0.003715	-0.156176	0.026820
SPHERE	0.150897	0.103444	-0.229051	0.024976
SPHERE	-0.406968	-0.373357	0.140152	0.023963
SPHERE	-0.201208	-0.160235	-0.388533	0.024848
SPHERE	0.412671	0.079373	-0.222758	0.025114
SPHERE	0.248124	-0.011917	-0.324852	0.026078
SPHERE	0.118876	0.016758	-0.276373	0.027013
SPHERE	-0.070014	0.313009	-0.100192	0.025657
SPHERE	-0.165513	0.218190	0.131901	0.024351
SPHERE	-0.152881	0.375745	-0.343955	0.027437
SPHERE	-0.469817	0.269092	0.260642	0.025045
SPHERE	-0.366407	0.347582	0.210151	0.024557
SPHERE	-0.048499	0.463566	0.198121	0.023538
SPHERE	-0.024842	0.347498	-0.386416	0.024212
SPHERE	-0.111542	-0.188821	0.149657	0.023748
SPHERE	-0.348627	-0.424538	-0.422726	0.026705
SPHERE	0.266690	0.182380	-0.054540	0.025240
SPHERE	0.085365	0.074887	0.028474	0.023830
SPHERE	-0.130955	-0.185611	0.368655	0.025813
SPHERE	0.313107	-0.408140	-0.380848	0.025319
SPHERE	-0.312391	-0.017274	-0.259586	0.027182
SPHERE	-0.197969	-0.135159	0.358018	0.026778
SPHERE	0.299310	0.151263	-0.440704	0.024768
SPHERE	0.264675	0.119816	0.319698	0.024406
SPHERE	-0.265255	-0.287112	0.106906	0.024617
SPHERE	0.166297	0.268832	0.209020	0.023791
SPHERE	-0.094036	-0.175432	-0.062802	0.024168
SPHERE	-0.108700	0.031250	-0.328499	0.024296
SPHERE	-0.460521	-0.113641	-0.111789	0.025647
SPHERE	0.225724	-0.227766	0.142294	0.024606
SPHERE	0.398079	0.176451	0.293903	0.025635
SPHERE	-0.178180	0.138232	-0.468069	0.026241
SPHERE	0.326333	0.112393	0.135400	0.025554
SPHERE	-0.094228	-0.130817	0.207708	0.025494
SPHERE	0.168326	-0.328605	-0.442188	0.026675
SPHERE	0.176956	-0.297640	0.113344	0.023598
SPHERE	0.064270	-0.472682	-0.468339	0.026251
SPHERE	-0.226696	0.147722	0.339960	0.024605
SPHERE	-0.151003	0.159279	0.360750	0.024088
SPHERE	-0.177038	0.364951	-0.297386	0.026055
SPHERE	0.003295	0.313175	0.167227	0.023988
SPHERE	-0.292146	-0.099762	0.194898	0.027101
SPHERE	0.044842	0.226078	0.409170	0.026954
SPHERE	0.405840	0.048942	0.412352	0.024305
SPHERE	0.049899	0.416827	0.284428	0.025393
SPHERE	0.089446	0.148798	0.468826	0.026726
SPHERE	-0.165902	0.353922	0.084301	0.027233
SPHERE	0.245844	0.261105	0.279580	0.025991
SPHERE	0.099279	-0.027998	-0.316774	0.024428
SPHERE	0.345628	0.353141	0.155652	0.026648
SPHERE	0.106370	0.092044	0.138306	0.025052
SPHERE	-0.333669	0.074979	-0.443146	0.025577
SPHERE	0.017198	0.315145	0.014259	0.026254
SPHERE	-0.009705	0.009856	-0.430006	0.023803
SPHERE	-0.109176	0.130298	-0.045318	0.026726
SPHERE	-0.082762	-0.240859	-0.088771	0.023933
SPHERE	0.207411	0.070270	0.298297	0.023406
SPHERE	-0.050514	-0.021472	0.469653	0.025761
SPHERE	-0.405663	0.134128	0.092692	0.023578
SPHERE	-0.266616	0.123924	0.402963	0.024261
SPHERE	0.428754	0.425201	0.378008	0.026408
SPHERE	-0.157600	0.034793	-0.265962	0.026529
SPHERE	0.427039	-0.032118	0.364854	0.025323
SPHERE	0.251866	0.382629	-0.229148	0.027364
SPHERE	0.438933	-0.159240	-0.092446	0.026507
SPHERE	0.051653	0.115895	-0.293110	0.025670
SPHERE	-0.274655	0.101146	0.346924	0.025325
SPHERE	-0.120428	-0.286675	0.139549	0.023791
SPHERE	0.167443	0.091369	-0.418374	0.025803
SPHERE	0.060351	-0.244160	-0.456390	0.025670
SPHERE	-0.466610	0.402706	0.096403	0.024766
SPHERE	0.366641	0.410271	-0.309579	0.026545
SPHERE	-0.011660	0.280352	0.132003	0.025200
SPHERE	-0.325806	-0.195779	0.361292	0.027357
SPHERE	0.379573	0.235326	-0.022992	0.024858
SPHERE	0.424781	-0.359190	0.347782	0.024471
SPHERE	0.207326	0.402523	-0.299549	0.025930
SPHERE	-0.316519	-0.282463	0.119943	0.024510
SPHERE	-0.355360	-0.259334	0.425412	0.024068
SPHERE	-0.323308	-0.362233	-0.036367	0.023391
SPHERE	-0.407081	-0.100721	-0.003383	0.026036
SPHERE	0.062836	-0.293732	-0.441878	0.025152
SPHERE	0.298125	0.240646	-0.136398	0.025133
SPHERE	-0.438803	0.022254	-0.282610	0.027492
SPHERE	0.189362	-0.163389	0.369027	0.026091
SPHERE	-0.150266	-0.426416	0.252818	0.026028
SPHERE	0.188109	0.172214	0.382619	0.026681
SPHERE	0.240038	-0.192110	0.294127	0.024637
SPHERE	0.086715	-0.425018	-0.379319	0.024121
SPHERE	-0.243576	-0.346374	0.084843	0.023989
SPHERE	0.371186	0.424496	-0.423044	0.023575
SPHERE	-0.029267	-0.229816	0.082280	0.027188
SPHERE	0.080519	-0.022509	0.300379	0.024037
SPHERE	0.025080	0.077777	0.216922	0.027192
SPHERE	-0.459886	0.410571	-0.145053	0.024272
SPHERE	0.021534	-0.094224	-0.183502	0.024190
SPHERE	0.137539	-0.053696	-0.218890	0.026166
SPHERE	-0.158330	-0.270481	0.245593	0.026263
SPHERE	0.174612	-0.460203	0.328275	0.024409
SPHERE	0.095345	-0.168923	0.158929	0.026885
SPHERE	0.330232	-0.237036	-0.231326	0.025528
SPHERE	0.013702	0.371384	0.106144	0.023638
SPHERE	0.304913	0.435508	0.224651	0.025546
SPHERE	-0.133120	-0.433493	-0.452552	0.024766
SPHERE	-0.012150	-0.197440	0.198535	0.023354
SPHERE	0.007013	-0.030789	-0.399178	0.026751
SPHERE	-0.015563	0.402949	-0.434570	0.024129
SPHERE	-0.243056	0.201343	0.105972	0.023685
SPHERE	0.439668	0.350036	-0.318065	0.023720
SPHERE	0.244255	0.263454	-0.468057	0.025316
SPHERE	0.224287	0.231178	0.400814	0.025744
SPHERE	0.273988	0.425243	-0.379602	0.023735
SPHERE	-0.247917	0.294579	-0.385132	0.024479
SPHERE	-0.211003	-0.309420	0.414563	0.026445
SPHERE	-0.381940	0.455606	0.326971	0.026504
SPHERE	0.182934	-0.041333	-0.062354	0.024756
SPHERE	-0.166843	0.095255	-0.350740	0.026058
SPHERE	-0.116227	-0.345856	0.152308	0.023672
SPHERE	0.362555	0.078523	-0.275368	0.023810
SPHERE	0.027376	-0.177854	0.420070	0.026118
SPHERE	-0.357858	-0.437232	0.014143	0.026534
SPHERE	-0.274015	-0.044983	-0.322848	0.024997
SPHERE	-0.062980	-0.470215	0.142412	0.024618
SPHERE	-0.036235	-0.395973	0.266877	0.023859
SPHERE	0.174849	0.388396	0.347657	0.026608
SPHERE	0.407675	-0.372049	-0.106719	0.023594
SPHERE	0.131263	0.189995	0.037378	0.025817
SPHERE	0.306287	0.073790	0.400450	0.025028
SPHERE	0.275211	-0.119696	-0.112382	0.024257
SPHERE	0.293338	-0.107328	0.235537	0.023740
SPHERE	0.330253	0.313413	0.202756	0.027226
SPHERE	0.015300	0.118181	0.002276	0.025980
SPHERE	0.162993	-0.446296	0.242767	0.025745
SPHERE	-0.342348	-0.337663	-0.288391	0.025832
SPHERE	0.325984	0.222806	-0.299182	0.026573
SPHERE	-0.177244	-0.373826	0.368148	0.026111
SPHERE	-0.019262	-0.218765	-0.286007	0.023759
SPHERE	0.149908	0.425069	-0.264439	0.024532
SPHERE	-0.194946	0.057903	0.137165	0.025445
SPHERE	0.314615	0.296112	0.258558	0.026973
SPHERE	0.086167	0.112067	0.251392	0.023452
SPHERE	-0.309893	-0.303961	-0.132766	0.026560
SPHERE	-0.115182	0.140093	-0.379205	0.025179
SPHERE	0.351197	0.102287	-0.376280	0.024690
SPHERE	-0.100116	-0.215650	0.094325	0.026691
SPHERE	0.382581	-0.064598	0.363224	0.023618
SPHERE	-0.037291	-0.026878	-0.196714	0.026145
SPHERE	-0.241604	0.072997	-0.189181	0.024268
SPHERE	0.237540	-0.018898	-0.013460	0.023859
SPHERE	0.341543	-0.348915	-0.196845	0.024135
SPHERE	-0.473206	0.381453	-0.201065	0.024102
SPHERE	0.142454	0.177512	-0.307252	0.026703
SPHERE	0.438092	0.262119	-0.368830	0.023520
SPHERE	-0.276981	0.467587	0.034170	0.026922
SPHERE	-0.032381	0.311386	0.371832	0.026116
SPHERE	-0.089750	-0.290385	0.320208	0.026300
SPHERE	0.165321	-0.167701	-0.145476	0.023978
SPHERE	-0.040575	0.133194	0.205997	0.025552
SPHERE	0.039062	-0.469202	-0.219634	0.025250
SPHERE	0.184038	-0.053205	-0.250916	0.024132
SPHERE	-0.266211	-0.142824	0.013604	0.026055
SPHERE	-0.148622	-0.426958	-0.385307	0.025110
SPHERE	0.358769	0.460651	0.020125	0.026706
SPHERE	-0.304179	-0.133851	-0.058018	0.024518
SPHERE	0.173251	0.270795	-0.107586	0.026891
SPHERE	-0.069932	-0.377638	0.095602	0.023918
SPHERE	-0.369380	0.348889	-0.322030	0.027365
SPHERE	-0.176846	-0.098750	-0.041945	0.026678
SPHERE	0.232488	0.446022	0.435310	0.025551
SPHERE	-0.456762	-0.425740	0.379022	0.023702
