SPHERE	-0.435353	-0.076477	-0.299073	0.027081
SPHERE	0.264889	0.116836	-0.405684	0.024249
SPHERE	-0.086424	-0.038040	0.096683	0.025256
SPHERE	0.059931	-0.281799	0.286965	0.026815
SPHERE	-0.406270	0.438373	-0.023538	0.026136
SPHERE	-0.134695	0.409367	0.396062	0.024935
SPHERE	0.381843	0.357753	-0.293579	0.023764
SPHERE	0.405381	-0.388045	0.303485	0.027173
SPHERE	0.008317	-0.468164	-0.294688	0.027368
SPHERE	0.121262	-0.226432	0.236478	0.024530
SPHERE	0.211403	-0.142473	0.354554	0.023485
SPHERE	0.050151	0.166660	0.435262	0.024521
SPHERE	0.130659	-0.063645	-0.465942	0.025934
SPHERE	-0.128782	0.402035	-0.378689	0.027484
SPHERE	0.286312	-0.198732	-0.298627	0.024436
SPHERE	-0.112996	-0.467039	0.187647	0.026374
SPHERE	-0.461911	0.365451	-0.305816	0.027040
SPHERE	-0.333480	0.403262	0.166559	0.025997
SPHERE	-0.212032	0.045150	-0.326208	0.026959
SPHERE	-0.262181	-0.366352	-0.044784	0.026786
SPHERE	0.043319	-0.036664	0.337614	0.026920
SPHERE	-0.107183	0.431369	-0.308187	0.027123
SPHERE	-0.240638	-0.133091	0.397263	0.024115
SPHERE	-0.125985	0.109497	0.016488	0.025950
SPHERE	0.001744	0.184421	-0.457987	0.024912
SPHERE	0.113247	0.183604	0.019070	0.026042
SPHERE	-0.244588	0.165830	0.211852	0.027064
SPHERE	0.273665	-0.307003	-0.165988	0.025268
SPHERE	0.131087	-0.302272	-0.243790	0.024725
SPHERE	-0.344924	-0.078477	-0.274245	0.023436
SPHERE	0.263970	-0.351865	-0.462556	0.024939
SPHERE	0.233418	0.029090	0.022609	0.023937
SPHERE	-0.261940	0.039709	0.377709	0.024362
SPHERE	-0.250358	-0.078379	0.226607	0.026850
SPHERE	-0.386870	-0.034707	0.418898	0.025320
SPHERE	0.132532	-0.220965	-0.269853	0.027003
SPHERE	-0.049051	-0.039687	-0.187750	0.024492
SPHERE	0.356551	0.014083	0.447494	0.025777
SPHERE	0.136981	0.459705	0.283139	0.026057
SPHERE	0.014757	-0.168687	0.129835	0.024957
SPHERE	0.344952	0.031931	0.079835	0.026417
SPHERE	0.429470	-0.167874	0.072847	0.023748
SPHERE	0.273691	0.016889	0.404159	0.023514
SPHERE	0.269870	-0.343015	0.194988	0.025114
SPHERE	0.092393	-0.468201	0.303592	0.024302
SPHERE	0.021579	0.276197	-0.354308	0.025304
SPHERE	0.262640	0.405061	0.054173	0.024030
SPHERE	-0.239664	-0.291391	-0.445398	0.024548
SPHERE	0.216457	0.110378	-0.274495	0.023801
SPHERE	0.416648	0.273184	0.209949	0.026159
SPHERE	-0.183783	0.137965	-0.327624	0.026362
SPHERE	0.270999	0.342397	-0.168898	0.023709
SPHERE	0.349012	-0.340348	0.336970	0.024923
SPHERE	0.411116	0.457420	0.054432	0.024959
SPHERE	0.385570	-0.365519	-0.473670	0.026286
SPHERE	-0.183018	-0.445886	-0.221747	0.023979
SPHERE	0.140619	-0.020139	0.203188	0.023479
SPHERE	-0.220859	-0.061895	-0.176369	0.025780
SPHERE	-0.398030	-0.030179	0.154853	0.025721
SPHERE	-0.163088	0.459766	-0.239866	0.026937
SPHERE	-0.354281	-0.379614	0.080893	0.024146
SPHERE	-0.397733	-0.340837	0.256382	0.023585
SPHERE	-0.230140	0.254343	-0.336009	0.027456
SPHERE	0.285324	-0.083905	0.094190	0.025684
SPHERE	0.370742	-0.178058	-0.441070	0.025201
SPHERE	0.235369	-0.143220	0.219609	0.023990
SPHERE	0.300727	-0.100390	0.182177	0.026782
SPHERE	-0.114374	0.417947	-0.152034	0.023939
SPHERE	-0.436505	0.403671	0.064611	0.025448
SPHERE	-0.411772	-0.155083	-0.369301	0.023844
SPHERE	-0.374291	-0.231314	0.369176	0.024684
SPHERE	0.159102	-0.011691	-0.136789	0.027113
SPHERE	0.044929	0.228110	-0.050398	0.025661
SPHERE	0.055300	0.323835	-0.411001	0.024896
SPHERE	-0.264649	-0.467647	-0.432149	0.026265
SPHERE	-0.429572	0.444466	-0.192890	0.026368
SPHERE	-0.440914	0.127103	-0.208108	0.024038
SPHERE	0.227882	0.036165	-0.238283	0.024837
SPHERE	-0.278430	0.224568	-0.471877	0.026029
SPHERE	0.035066	-0.101233	-0.017875	0.026521
SPHERE	-0.349093	0.407726	-0.038710	0.023685
SPHERE	0.254711	0.025420	-0.099195	0.026216
SPHERE	0.031427	-0.057454	0.205820	0.027456
SPHERE	-0.086867	-0.460830	0.236122	0.025749
SPHERE	0.140233	-0.446015	0.290726	0.025188
SPHERE	0.064968	-0.422406	-0.442457	0.024948
SPHERE	0.276783	-0.438863	0.037481	0.026561
SPHERE	-0.066909	-0.455610	-0.082006	0.024706
SPHERE	0.425663	0.353934	-0.232506	0.025680
SPHERE	-0.094808	0.142314	0.196098	0.026323
SPHERE	-0.388218	-0.071131	0.012237	0.027222
SPHERE	-0.057973	-0.226017	0.420566	0.025408
SPHERE	-0.197946	0.237419	-0.024708	0.023694
SPHERE	0.288239	0.007919	0.127965	0.026919
SPHERE	0.042567	-0.308378	0.404279	0.025821
SPHERE	-0.287781	-0.151210	0.035597	0.027394
SPHERE	-0.273145	0.278561	0.344442	0.023934
SPHERE	-0.054249	0.065194	0.043829	0.025888
SPHERE	0.468308	-0.418309	-0.445920	0.025551
SPHERE	-0.169957	0.449361	0.018090	0.025135
SPHERE	0.210863	0.467579	-0.024805	0.025889
SPHERE	0.001404	-0.370954	-0.356831	0.025529
SPHERE	-0.205916	-0.428575	-0.456591	0.023527
SPHERE	-0.104153	0.055559	0.117434	0.025331
SPHERE	-0.141212	-0.013788	-0.268885	0.025848
SPHERE	-0.422033	0.248683	-0.164637	0.026641
SPHERE	0.306695	-0.137068	-0.018874	0.023532
SPHERE	-0.162523	0.475349	0.243885	0.023929
SPHERE	0.469163	-0.257299	0.074996	0.023549
SPHERE	-0.152757	0.192380	0.038155	0.025391
SPHERE	0.239818	0.057894	-0.376940	0.025929
SPHERE	-0.362209	0.215321	0.234831	0.023930
SPHERE	-0.273806	0.439665	-0.223536	0.025294
SPHERE	0.214735	0.086218	-0.177326	0.024441
SPHERE	-0.212411	0.277984	-0.050622	0.025615
SPHERE	0.271251	0.167903	0.386427	0.024699
SPHERE	-0.460573	0.103830	0.303727	0.024497
SPHERE	-0.130717	-0.113349	0.228594	0.025995
SPHERE	0.000018	-0.031061	-0.235407	0.025439
SPHERE	0.420347	0.416699	0.308050	0.027378
SPHERE	-0.010986	0.259393	-0.426119	0.024409
SPHERE	-0.429447	0.328390	0.119548	0.024079
SPHERE	0.123859	-0.187925	-0.206061	0.024903
SPHERE	-0.172199	0.371036	0.216486	0.027123
SPHERE	-0.232150	-0.369318	0.186937	0.027319
SPHERE	0.103560	-0.317231	-0.462378	0.026499
SPHERE	0.326183	-0.259119	0.299056	0.025750
SPHERE	-0.314658	0.133672	-0.429028	0.026619
SPHERE	-0.081617	-0.380229	0.317583	0.026067
SPHERE	0.421437	-0.037365	0.322206	0.025261
SPHERE	0.249346	-0.358087	-0.015421	0.025726
SPHERE	-0.462224	-0.273752	-0.440694	0.023670
SPHERE	-0.169311	0.223646	-0.447953	0.024455
SPHERE	0.378383	-0.434248	0.010767	0.027214
SPHERE	-0.220145	-0.164157	0.030921	0.026434
SPHERE	0.444337	0.075496	-0.388132	0.025147
SPHERE	0.169461	0.405111	0.327310	0.024924
SPHERE	-0.107130	0.174301	-0.287831	0.025926
SPHERE	0.291644	0.171537	-0.256418	0.023958
SPHERE	0.371796	-0.219507	-0.387713	0.026755
SPHERE	-0.472697	-0.362178	-0.336718	0.024228
SPHERE	-0.321446	0.148985	0.139459	0.027097
SPHERE	0.459880	-0.303835	0.344688	0.025115
SPHERE	0.245416	0.429431	-0.157095	0.027300
SPHERE	0.361446	-0.305500	-0.417713	0.025158
SPHERE	0.344439	-0.231514	-0.078476	0.024448
SPHERE	0.413939	0.140427	-0.009859	0.026119
SPHERE	0.393948	0.075681	-0.431221	0.026790
SPHERE	0.188514	-0.292684	0.305334	0.027165
SPHERE	0.329289	-0.028078	-0.201363	0.026914
SPHERE	0.142358	-0.331146	0.269056	0.026801
SPHERE	-0.375853	-0.362748	0.330526	0.025042
SPHERE	-0.192389	0.385714	-0.233886	0.027437
SPHERE	-0.319217	0.161865	0.311361	0.023994
SPHERE	-0.173171	-0.174636	0.410536	0.023756
SPHERE	0.377335	0.452267	-0.329251	0.024310
SPHERE	-0.316867	0.452179	-0.042258	0.025817
SPHERE	-0.050404	0.231272	0.329937	0.023391
SPHERE	0.473453	0.236750	-0.137632	0.023740
SPHERE	-0.430052	-0.223418	-0.250924	0.027425
SPHERE	-0.068224	0.384974	-0.446666	0.024182
SPHERE	-0.263107	-0.144913	-0.037228	0.025541
SPHERE	-0.243168	-0.060628	0.105486	0.025238
SPHERE	0.096555	0.083174	-0.193706	0.026833
SPHERE	-0.440900	-0.438133	-0.035970	0.025900
SPHERE	0.410081	-0.388043	0.133419	0.023886
SPHERE	0.322488	0.468660	0.387400	0.027199
SPHERE	-0.227750	-0.336569	-0.388209	0.027025
SPHERE	-0.427617	-0.359859	-0.267888	0.026198
SPHERE	-0.030882	0.169355	0.217451	0.024464
SPHERE	-0.365493	-0.151839	0.048604	0.026298
SPHERE	0.405115	0.328367	-0.158985	0.026318
SPHERE	0.363513	0.278155	-0.382667	0.027344
SPHERE	0.366061	0.222728	0.229917	0.026730
SPHERE	0.218750	0.144542	0.107806	0.026366
SPHERE	0.280489	0.192245	0.167951	0.027459
SPHERE	0.306274	0.373793	-0.362433	0.026856
SPHERE	0.069490	0.328665	-0.472960	0.024547
SPHERE	-0.298150	0.051099	-0.091405	0.026197
SPHERE	-0.094729	0.224500	-0.404171	0.023804
SPHERE	0.028500	-0.313037	-0.380120	0.024521
SPHERE	0.385764	0.325972	-0.337692	0.025070
SPHERE	-0.004013	0.244865	0.120606	0.025988
SPHERE	-0.036414	-0.185493	-0.344146	0.024552
SPHERE	-0.285345	-0.232911	0.072798	0.024522
SPHERE	-0.378085	0.074971	-0.037583	0.026554
SPHERE	-0.348903	0.346003	-0.095987	0.024525
SPHERE	0.094483	-0.024019	0.302425	0.025557
SPHERE	0.138559	0.398987	0.044040	0.023873
SPHERE	0.248732	0.180953	-0.295354	0.025632
SPHERE	-0.048491	0.300484	0.048029	0.024408
SPHERE	-0.358594	0.178344	-0.287420	0.027128
SPHERE	0.421763	0.259192	-0.386170	0.024670
SPHERE	-0.141211	0.051553	-0.161588	0.023518
SPHERE	-0.077892	0.217861	-0.457031	0.025354
SPHERE	-0.281966	0.321483	-0.336416	0.023406
SPHERE	0.242491	0.182921	-0.093371	0.026874
SPHERE	-0.110046	0.085422	0.262283	0.025493
SPHERE	-0.089039	-0.163851	0.230719	0.026804
SPHERE	-0.459817	0.417420	0.329780	0.025528
SPHERE	0.200906	0.417189	-0.469401	0.027330
SPHERE	-0.004375	-0.158265	0.046936	0.023601
SPHERE	-0.412909	0.064136	0.407488	0.027139
SPHERE	-0.090271	-0.401426	-0.364015	0.024448
SPHERE	0.258225	0.017703	0.171156	0.024006
SPHERE	0.013828	0.269456	0.221005	0.023980
SPHERE	0.245462	-0.110033	0.314592	0.023505
SPHERE	0.471736	-0.247285	-0.323572	0.026504
SPHERE	-0.313282	-0.070298	0.446844	0.025691
SPHERE	0.041061	-0.349686	-0.457624	0.024365
SPHERE	0.297459	-0.310407	-0.314079	0.023591
SPHERE	0.375408	0.215109	0.332747	0.024451
SPHERE	0.109060	0.101906	0.428077	0.025695
SPHERE	-0.034777	-0.096587	-0.465819	0.025188
SPHERE	0.440178	-0.304150	-0.428955	0.025924
SPHERE	-0.069116	0.085811	-0.408760	0.027230
SPHERE	0.144830	0.360745	0.114010	0.025191
SPHERE	-0.332936	0.267503	0.007359	0.026762
SPHERE	0.168771	-0.253198	-0.428753	0.024165
SPHERE	0.331920	0.149259	-0.289826	0.024350
SPHERE	-0.451332	0.090794	-0.414026	0.024558
SPHERE	0.468720	-0.404330	-0.369806	0.025370
SPHERE	-0.233240	-0.323295	0.371823	0.027325
SPHERE	0.235749	0.436887	-0.354411	0.026167
SPHERE	0.323850	0.233768	-0.262042	0.025005
SPHERE	0.027129	0.219203	-0.294158	0.027455
SPHERE	0.443341	-0.249110	-0.047470	0.024192
SPHERE	0.374003	0.137678	-0.370302	0.026728
SPHERE	-0.244986	-0.308879	-0.085854	0.027169
SPHERE	-0.240289	0.018685	-0.292326	0.024311
SPHERE	0.168623	-0.392904	-0.302890	0.025420
SPHERE	-0.430188	-0.183400	0.311248	0.025110
SPHERE	-0.422854	-0.423902	0.356711	0.027033
SPHERE	0.269187	-0.411785	0.272907	0.025757
SPHERE	-0.185557	-0.248282	0.061072	0.026457
SPHERE	-0.357604	0.329890	0.027496	0.024163
SPHERE	-0.385770	-0.429049	0.049115	0.024829
SPHERE	0.214510	0.130623	0.261435	0.025812
SPHERE	0.175940	-0.397421	0.457290	0.023969
SPHERE	-0.345708	-0.443752	-0.047559	0.025720
SPHERE	0.299356	0.014885	0.004695	0.026322
SPHERE	0.303357	0.230327	-0.350833	0.025690
SPHERE	0.120196	0.289226	-0.344413	0.023412
SPHERE	0.142135	0.158692	-0.370039	0.026460
SPHERE	0.204667	0.152456	-0.152556	0.026434
SPHERE	-0.191166	-0.366000	0.090110	0.025176
SPHERE	-0.286224	0.071077	0.053173	0.027431
SPHERE	0.102078	-0.469461	-0.427816	0.024720
SPHERE	0.020738	0.052134	0.464511	0.025097
SPHERE	-0.192292	-0.361922	-0.132488	0.024757
